# MSI-A band centers, widths and resolutions

[bands]
nbands=13
names=1,2,3,4,5,6,7,8,8a,9,10,11,12
centers=442.7,492.4,559.8,664.6,704.1,740.5,782.8,832.8,864.7,945.1,1373.5,1613.7,2202.4
widths=21.0,66.0,36.0,31.0,15.0,15.0,20.0,106.0,21.0,20.0,31.0,91.0,175.0
resolutions=60.0,10.0,10.0,10.0,20.0,20.0,20.0,10.0,20.0,60.0,60.0,20.0,20.0

[srf]
band_1_srf_lambda=412,413,414,415,416,417,418,419,420,421,422,423,424,425,426,427,428,429,430,431,432,433,434,435,436,437,438,439,440,441,442,443,444,445,446,447,448,449,450,451,452,453,454,455,456
band_1_srf=0.001775742,0.004073061,0.003626143,0.003515199,0.005729163,0.003780292,0.002636732,0.001262113,0.001987583,0.001368913,0.001250444,0.000463454,0.000814293,0.001376431,0.001485086,0.001823735,0.001626817,0.004392062,0.029008099,0.118745933,0.323875058,0.572819207,0.714727494,0.761967778,0.789297016,0.808623866,0.810893815,0.824198756,0.854158107,0.870790877,0.887310969,0.926199242,0.982281495,1,0.975238202,0.93596338,0.889971481,0.850210477,0.825694526,0.783902388,0.614174215,0.330071087,0.124108313,0.04365694,0.014749595
band_2_srf_lambda=439,440,441,442,443,444,445,446,447,448,449,450,451,452,453,454,455,456,457,458,459,460,461,462,463,464,465,466,467,468,469,470,471,472,473,474,475,476,477,478,479,480,481,482,483,484,485,486,487,488,489,490,491,492,493,494,495,496,497,498,499,500,501,502,503,504,505,506,507,508,509,510,511,512,513,514,515,516,517,518,519,520,521,522,523,524,525,526,527,528,529,530,531,532,533
band_2_srf=0.010315429,0.030041933,0.026875891,0.02414315,0.020210064,0.022693489,0.024564087,0.016667005,0.021413132,0.016144221,0.021307208,0.018466093,0.018185017,0.017679055,0.019114826,0.019246427,0.027395745,0.042555308,0.072298295,0.153743222,0.32799225,0.553367878,0.710111663,0.752851788,0.75232691,0.756680807,0.763269482,0.76239425,0.785251503,0.815466688,0.861791756,0.892825992,0.919522103,0.919006495,0.913157536,0.900353663,0.889896935,0.882324603,0.876061177,0.884299872,0.906955442,0.932320853,0.939472521,0.943835429,0.922040861,0.886023105,0.847436088,0.812516871,0.782397097,0.7731087,0.772090538,0.787426523,0.812171771,0.846050519,0.887679959,0.927939973,0.950692347,0.965733107,0.969382533,0.965702943,0.95832003,0.954050638,0.951782684,0.956997215,0.965565145,0.977051397,0.977095739,0.974366055,0.959031834,0.935063176,0.90190134,0.871657924,0.844024435,0.822808519,0.815360426,0.820576391,0.839514898,0.86992171,0.915262055,0.960670278,0.991636995,1,0.98356097,0.91130763,0.740182556,0.503958576,0.305015502,0.180046045,0.107383424,0.06593592,0.042077455,0.026621288,0.0143396,0.002657787,0.000818224
band_3_srf_lambda=538,539,540,541,542,543,544,545,546,547,548,549,550,551,552,553,554,555,556,557,558,559,560,561,562,563,564,565,566,567,568,569,570,571,572,573,574,575,576,577,578,579,580,581,582,583
band_3_srf=0.014481812,0.034222507,0.073463348,0.154448431,0.316614247,0.553222787,0.748594059,0.848903056,0.897722157,0.921536798,0.925728454,0.911226879,0.888189237,0.865237556,0.84718187,0.838757201,0.844590812,0.862196533,0.888387136,0.924432355,0.96017974,0.986855165,1,0.998600802,0.980764717,0.945220892,0.898177804,0.855803233,0.818417342,0.788620476,0.764606533,0.749637446,0.75055111,0.761378883,0.782444788,0.798900864,0.810169565,0.814088864,0.773585961,0.628810649,0.403975549,0.215420982,0.107152815,0.047928768,0.01848693,0.001085875
band_4_srf_lambda=646,647,648,649,650,651,652,653,654,655,656,657,658,659,660,661,662,663,664,665,666,667,668,669,670,671,672,673,674,675,676,677,678,679,680,681,682,683,684
band_4_srf=0.001415212,0.025902381,0.116511775,0.390886162,0.749593421,0.944858051,0.980111731,0.994063086,1,0.995454747,0.990527717,0.977334762,0.940559882,0.878949559,0.81629384,0.773459516,0.754487656,0.75991531,0.782634297,0.8101689,0.836129749,0.861254237,0.886091059,0.911387666,0.934051464,0.950420633,0.959257302,0.960395551,0.959133945,0.958090128,0.955274589,0.943764654,0.894907986,0.744263079,0.476777001,0.229603988,0.080091177,0.026170762,0.004152419
band_5_srf_lambda=695,696,697,698,699,700,701,702,703,704,705,706,707,708,709,710,711,712,713,714
band_5_srf=0.028357856,0.123693367,0.393787739,0.761130707,0.971085018,0.998895232,1,0.994122578,0.983217889,0.967040926,0.948473886,0.92714833,0.903724584,0.886147127,0.867237453,0.790753191,0.588403315,0.263348326,0.056754223,0.006188334
band_6_srf_lambda=731,732,733,734,735,736,737,738,739,740,741,742,743,744,745,746,747,748,749
band_6_srf=0.001710882,0.054671525,0.258066763,0.647220984,0.892189986,0.902328766,0.915087676,0.941158459,0.962999932,0.975104812,0.977021704,0.987362514,1,0.988802771,0.971799161,0.901267389,0.606723913,0.205202268,0.026756898
band_7_srf_lambda=769,770,771,772,773,774,775,776,777,778,779,780,781,782,783,784,785,786,787,788,789,790,791,792,793,794,795,796,797
band_7_srf=0.000458987,0.011720097,0.052197152,0.165617326,0.369033555,0.636854532,0.861196383,0.970028971,0.991196015,0.998979212,1,0.97725155,0.925723851,0.86605804,0.819696105,0.794076736,0.791110289,0.804315523,0.819027212,0.825712924,0.820118286,0.792221951,0.720545593,0.587677944,0.414303554,0.230888169,0.098502825,0.027365511,0.00516235
band_8_srf_lambda=773,774,775,776,777,778,779,780,781,782,783,784,785,786,787,788,789,790,791,792,793,794,795,796,797,798,799,800,801,802,803,804,805,806,807,808,809,810,811,812,813,814,815,816,817,818,819,820,821,822,823,824,825,826,827,828,829,830,831,832,833,834,835,836,837,838,839,840,841,842,843,844,845,846,847,848,849,850,851,852,853,854,855,856,857,858,859,860,861,862,863,864,865,866,867,868,869,870,871,872,873,874,875,876,877,878,879,880,881,882,883,884,885,886,887,888,889,890,891,892,893,894,895,896,897,898,899,900,901,902,903,904,905,906,907
band_8_srf=0.000289559,0.00702964,0.017523915,0.032311111,0.05328661,0.082998852,0.127485024,0.195910652,0.302463232,0.435539537,0.571416366,0.697667008,0.803038519,0.891157437,0.952845837,0.988941605,1,0.988406528,0.963892161,0.942079674,0.936946427,0.942273429,0.953957178,0.968288956,0.979665494,0.985444404,0.985926806,0.983911811,0.97793903,0.977227714,0.978106086,0.981444864,0.987645575,0.988577078,0.986242198,0.980709208,0.970786244,0.957210894,0.938658206,0.91672388,0.896207585,0.872887998,0.851603307,0.824639396,0.800781174,0.782338598,0.763602744,0.749627707,0.738722099,0.730794069,0.722712368,0.725077084,0.725638556,0.723042174,0.722292106,0.716163645,0.711594459,0.708269542,0.701572051,0.699245321,0.700937618,0.706927327,0.718240007,0.731246343,0.748406102,0.76818541,0.783948066,0.7968381,0.802602063,0.804519396,0.802409182,0.796990717,0.789203043,0.776916211,0.765184064,0.751197174,0.737003566,0.722623995,0.704125782,0.684108046,0.664745277,0.647368908,0.630051247,0.615642224,0.602495567,0.589889921,0.579933995,0.571365058,0.560942415,0.552351052,0.54568236,0.539580517,0.535102151,0.530936751,0.530165085,0.52984662,0.530366818,0.532114628,0.53271918,0.532468057,0.53331158,0.531927797,0.530510552,0.52951499,0.52996848,0.532533725,0.537050849,0.542353442,0.549124971,0.555230551,0.560111348,0.557679988,0.548219844,0.531446128,0.507635285,0.478112241,0.450927929,0.427984659,0.41051405,0.400391391,0.400873018,0.40829375,0.420865558,0.430070218,0.424566916,0.391368172,0.330090082,0.257205092,0.181890305,0.116506681,0.070315795,0.042753811,0.025931542,0.015743939,0.003943258
band_8a_srf_lambda=847,848,849,850,851,852,853,854,855,856,857,858,859,860,861,862,863,864,865,866,867,868,869,870,871,872,873,874,875,876,877,878,879,880,881
band_8a_srf=0.001572174,0.002498858,0.013320367,0.026148658,0.052604793,0.107797093,0.221607547,0.39721628,0.609868852,0.816588834,0.932244502,0.972100329,0.975454822,0.975380485,0.97328205,0.976078281,0.980349546,0.986909276,0.990874648,0.997418177,0.999846733,0.999391415,0.995879284,0.995412276,1,0.996407621,0.923594329,0.741376842,0.489659709,0.25020643,0.112212459,0.047559844,0.022978146,0.010614375,0.001081494
band_9_srf_lambda=932,933,934,935,936,937,938,939,940,941,942,943,944,945,946,947,948,949,950,951,952,953,954,955,956,957,958
band_9_srf=0.016629527,0.061118571,0.174070942,0.389464545,0.664591498,0.874541137,0.936959878,0.967510143,0.989339103,0.995126896,1,0.978457624,0.980691181,0.992233503,0.987983794,0.994283126,0.983480409,0.978200134,0.950233675,0.952996037,0.922403082,0.85573828,0.709702275,0.464295419,0.215384267,0.065341206,0.016255961
band_10_srf_lambda=1337,1338,1339,1340,1341,1342,1343,1344,1345,1346,1347,1348,1349,1350,1351,1352,1353,1354,1355,1356,1357,1358,1359,1360,1361,1362,1363,1364,1365,1366,1367,1368,1369,1370,1371,1372,1373,1374,1375,1376,1377,1378,1379,1380,1381,1382,1383,1384,1385,1386,1387,1388,1389,1390,1391,1392,1393,1394,1395,1396,1397,1398,1399,1400,1401,1402,1403,1404,1405,1406,1407,1408,1409,1410,1411,1412
band_10_srf=0.000238032,0.000054011,0.000030555,0.000028606,0.000076414,0.000109542,0.000088112,0.000124276,0.000175866,0.000334017,0.000371868,0.000448739,0.000658249,0.001089206,0.00196845,0.003736281,0.008016927,0.018845345,0.044655923,0.101545368,0.200854803,0.342389339,0.506471542,0.662498209,0.783168494,0.861210463,0.910000298,0.942126255,0.962015449,0.973750495,0.981720971,0.987945142,0.992810636,0.996478958,0.99904946,1,0.999092287,0.996049616,0.990956135,0.984853732,0.978085355,0.970372704,0.960890124,0.948599028,0.933274986,0.915013686,0.894075033,0.868634853,0.830744554,0.76452492,0.65530055,0.507853983,0.35145525,0.219307816,0.1274815,0.068371642,0.032620423,0.013687992,0.005499615,0.002399545,0.001125292,0.000545136,0.000350108,0.000176863,0.000218748,0.000196998,0.0001058,0.000059528,0.000051435,0.000061894,0.000056196,0.000039155,0.00003185,0.000121264,0.000108791,0.000025451
band_11_srf_lambda=1539,1540,1541,1542,1543,1544,1545,1546,1547,1548,1549,1550,1551,1552,1553,1554,1555,1556,1557,1558,1559,1560,1561,1562,1563,1564,1565,1566,1567,1568,1569,1570,1571,1572,1573,1574,1575,1576,1577,1578,1579,1580,1581,1582,1583,1584,1585,1586,1587,1588,1589,1590,1591,1592,1593,1594,1595,1596,1597,1598,1599,1600,1601,1602,1603,1604,1605,1606,1607,1608,1609,1610,1611,1612,1613,1614,1615,1616,1617,1618,1619,1620,1621,1622,1623,1624,1625,1626,1627,1628,1629,1630,1631,1632,1633,1634,1635,1636,1637,1638,1639,1640,1641,1642,1643,1644,1645,1646,1647,1648,1649,1650,1651,1652,1653,1654,1655,1656,1657,1658,1659,1660,1661,1662,1663,1664,1665,1666,1667,1668,1669,1670,1671,1672,1673,1674,1675,1676,1677,1678,1679,1680,1681,1682
band_11_srf=0.000006934,0.000006804,0.000008224,0.000028105,0.00003784,0.000090746,0.000147452,0.000251399,0.000480203,0.000569537,0.000662261,0.000910566,0.001166089,0.001684036,0.00245816,0.00356747,0.005345161,0.008317784,0.012628433,0.018996334,0.027780618,0.03958367,0.054865088,0.074929768,0.101069914,0.135475748,0.182597282,0.247275543,0.330736144,0.429690906,0.537634456,0.647173334,0.743528409,0.815215305,0.859201504,0.879668577,0.887029952,0.889097838,0.891416958,0.897586018,0.90663052,0.916528056,0.92657894,0.935322165,0.942393561,0.947506732,0.951415577,0.954254286,0.956429305,0.958205215,0.960687866,0.963480014,0.965796837,0.968180454,0.97101157,0.973379886,0.97591493,0.978581496,0.979877753,0.98058868,0.980912334,0.981411503,0.981243863,0.980705072,0.980376964,0.981066319,0.982735565,0.985121995,0.987806954,0.990375969,0.992015684,0.993287985,0.992536418,0.990404949,0.987128016,0.983502057,0.980022548,0.976174463,0.972568388,0.969828489,0.967709002,0.966371474,0.965848924,0.966050474,0.967426617,0.969869577,0.973463419,0.97868284,0.983472137,0.987635453,0.991875079,0.995476405,0.997586172,0.998568438,0.999327749,0.999234469,0.998803511,0.999110558,0.999729529,0.999744808,1,0.999814319,0.996693294,0.991619643,0.985701748,0.978569228,0.969902949,0.960896391,0.953286699,0.946546283,0.941712152,0.938586421,0.935489328,0.928113913,0.912102443,0.88059783,0.824980062,0.743118017,0.64189077,0.534002282,0.426963072,0.323709698,0.234284076,0.163971597,0.110210711,0.072477896,0.04619413,0.029400532,0.019358665,0.013308246,0.009316851,0.006522833,0.004864189,0.003409053,0.002490561,0.001958315,0.001422504,0.001055276,0.000497731,0.000227763,0.00015918,0.000033942,0.000044875,0.000013044
band_12_srf_lambda=2078,2079,2080,2081,2082,2083,2084,2085,2086,2087,2088,2089,2090,2091,2092,2093,2094,2095,2096,2097,2098,2099,2100,2101,2102,2103,2104,2105,2106,2107,2108,2109,2110,2111,2112,2113,2114,2115,2116,2117,2118,2119,2120,2121,2122,2123,2124,2125,2126,2127,2128,2129,2130,2131,2132,2133,2134,2135,2136,2137,2138,2139,2140,2141,2142,2143,2144,2145,2146,2147,2148,2149,2150,2151,2152,2153,2154,2155,2156,2157,2158,2159,2160,2161,2162,2163,2164,2165,2166,2167,2168,2169,2170,2171,2172,2173,2174,2175,2176,2177,2178,2179,2180,2181,2182,2183,2184,2185,2186,2187,2188,2189,2190,2191,2192,2193,2194,2195,2196,2197,2198,2199,2200,2201,2202,2203,2204,2205,2206,2207,2208,2209,2210,2211,2212,2213,2214,2215,2216,2217,2218,2219,2220,2221,2222,2223,2224,2225,2226,2227,2228,2229,2230,2231,2232,2233,2234,2235,2236,2237,2238,2239,2240,2241,2242,2243,2244,2245,2246,2247,2248,2249,2250,2251,2252,2253,2254,2255,2256,2257,2258,2259,2260,2261,2262,2263,2264,2265,2266,2267,2268,2269,2270,2271,2272,2273,2274,2275,2276,2277,2278,2279,2280,2281,2282,2283,2284,2285,2286,2287,2288,2289,2290,2291,2292,2293,2294,2295,2296,2297,2298,2299,2300,2301,2302,2303,2304,2305,2306,2307,2308,2309,2310,2311,2312,2313,2314,2315,2316,2317,2318,2319,2320
band_12_srf=0.000639264,0.001022905,0.002884721,0.003997454,0.006597118,0.007659826,0.00800413,0.008539692,0.009300309,0.010001938,0.010972178,0.012089456,0.013364144,0.015017309,0.01712566,0.01978032,0.023335884,0.027667597,0.033215941,0.040217377,0.048882662,0.059642173,0.073175151,0.090534716,0.111470124,0.13690299,0.167810536,0.203460906,0.242871255,0.284898317,0.327177957,0.36840376,0.40800276,0.444778149,0.476537405,0.503106894,0.525317548,0.543351996,0.557252862,0.568634197,0.579029932,0.588683995,0.59889121,0.609981083,0.621362162,0.634282516,0.64854644,0.663707315,0.680046291,0.696164765,0.711964139,0.727011081,0.741301118,0.757405387,0.772070514,0.78558074,0.798238093,0.809677071,0.819701739,0.82859933,0.836721896,0.844443431,0.851107219,0.853252319,0.854746271,0.85617419,0.857820928,0.859531818,0.861459829,0.863256985,0.865138808,0.867319035,0.869696339,0.874301992,0.878588437,0.882438825,0.885928758,0.889473121,0.89322574,0.896696495,0.899896619,0.902596288,0.90483074,0.905524618,0.905665281,0.905502587,0.905157893,0.904782854,0.90408183,0.903347495,0.902760831,0.902377006,0.901982966,0.903423562,0.904312941,0.905315323,0.906446178,0.90809207,0.910123185,0.912949979,0.915584774,0.918444254,0.921302412,0.924337167,0.927218563,0.929740263,0.931921865,0.934142166,0.935906112,0.937086137,0.937641167,0.938301157,0.937652085,0.940440758,0.942517533,0.943259037,0.943031026,0.942117106,0.940631648,0.938427922,0.936660033,0.935256327,0.933022239,0.926879998,0.921056996,0.915482617,0.911020114,0.908292872,0.907283492,0.90819092,0.911168883,0.916188526,0.922854635,0.920605167,0.919482312,0.919489205,0.921276392,0.924526038,0.927732919,0.931974489,0.936769555,0.941482728,0.946801994,0.951202607,0.954436663,0.957046915,0.959729173,0.962538601,0.964857726,0.966042031,0.966647037,0.966309991,0.965460063,0.964841278,0.963655749,0.961698492,0.959453949,0.957327053,0.955140475,0.953558145,0.95273179,0.952180853,0.951730689,0.952145994,0.952641408,0.954056643,0.957078482,0.960638803,0.964221982,0.968307493,0.972691041,0.97742349,0.982898416,0.98714443,0.990734152,0.993982826,0.996786808,0.998752904,1,0.999927455,0.999151921,0.997129452,0.993883695,0.989685968,0.983735405,0.976212761,0.967813199,0.958342887,0.948440151,0.9382028,0.927724853,0.917038819,0.905999348,0.893868367,0.881682515,0.86864716,0.854635458,0.840619936,0.826015692,0.809516209,0.791866591,0.772443017,0.749106638,0.720345599,0.688185271,0.651282733,0.610049759,0.56603087,0.520969977,0.474659094,0.429259293,0.38585714,0.342091763,0.300680041,0.263176181,0.227703987,0.195720706,0.168090024,0.144679716,0.124830647,0.108237331,0.09440058,0.082363039,0.071500068,0.062690603,0.054985448,0.048194534,0.042864117,0.038598228,0.034947252,0.031998848,0.029587869,0.027418116,0.025576973,0.023959421,0.021671692,0.019147972,0.016331132,0.010988591,0.007378602,0.006510601,0.004709556,0.002065107