# OLCI-B band centers, widths and resolutions

[bands]
nbands=21
names=1,2,3,4,5,6,7,8,9,10,11,12,13,14,15,16,17,18,19,20,21
centers=400,412.5,442.5,490,510,560,620,665,673.75,681.25,708.75,753.75,761.25,764.375,767.5,778.75,865,885,900,940,1020
widths=13.34233,9.870196,9.926401,9.981919,9.968989,9.996016,9.929811,9.977094,7.500197,7.520258,10.00903,7.513609,2.600027,3.758354,2.591938,15.00269,19.9326,9.964745,9.959647,19.84414,26.91003 
resolutions=300.0,300.0,300.0,300.0,300.0,300.0,300.0,300.0,300.0,300.0,300.0,300.0,300.0,300.0,300.0,300.0,300.0,300.0,300.0,300.0,300.0

[srf]
band_1_srf_lambda=387.8492,387.9672,388.0854,388.2039,388.322,388.4401,388.5582,388.6763,388.7945,388.9124,389.03,389.1481,389.2663,389.3843,389.5024,389.6208,389.7394,389.858,389.9759,390.0941,390.2124,390.3306,390.4487,390.5667,390.685,390.8033,390.9214,391.0394,391.1573,391.2752,391.3933,391.5114,391.6295,391.7477,391.8661,391.9848,392.1029,392.221,392.3391,392.4572,392.5753,392.6934,392.8116,392.9301,393.0483,393.1664,393.2844,393.4025,393.5205,393.6385,393.7567,393.8751,393.9934,394.1118,394.2296,394.3478,394.4658,394.5837,394.7019,394.8202,394.9385,395.0568,395.1752,395.2931,395.4113,395.5296,395.6476,395.7657,395.8839,396.0023,396.1207,396.239,396.3566,396.4744,396.5924,396.7105,396.8286,396.9469,397.0652,397.1836,397.302,397.4198,397.5381,397.6564,397.7746,397.893,398.0112,398.1295,398.2479,398.3659,398.4836,398.6014,398.7193,398.8372,398.9553,399.0736,399.192,399.3103,399.4287,399.5467,399.6647,399.7831,399.9016,400.02,400.1383,400.2567,400.3748,400.493,400.6106,400.7285,400.8465,400.9645,401.0824,401.2005,401.3187,401.4371,401.5555,401.6734,401.7916,401.9099,402.0284,402.1469,402.2652,402.3835,402.5017,402.6198,402.7377,402.8555,402.9735,403.0916,403.2096,403.3276,403.4456,403.5638,403.682,403.8002,403.9185,404.0367,404.1551,404.2736,404.3918,404.5101,404.6284,404.7465,404.8647,404.9827,405.1006,405.2187,405.3368,405.4548,405.5729,405.691,405.8091,405.927,406.0453,406.1636,406.2818,406.4001,406.5184,406.6367,406.7549,406.8732,406.9915,407.1097,407.2277,407.3457,407.4639,407.5819,407.7001,407.8181,407.9363,408.0544,408.1724,408.2904,408.4084,408.5266,408.6449,408.7632,408.8816,409,409.1182,409.2364,409.3546,409.4727,409.5909,409.7091,409.8274,409.9456,410.0638,410.1817,410.2998,410.4175,410.5352,410.6532,410.7714,410.8898,411.0083,411.1266,411.2449,411.363
band_1_srf=2.489203e-11,6.874399e-11,1.857946e-10,4.914368e-10,1.272185e-09,3.223207e-09,7.992517e-09,1.939694e-08,4.607154e-08,1.070945e-07,2.436227e-07,5.423272e-07,1.181314e-06,2.517643e-06,5.249327e-06,1.070638e-05,2.135776e-05,4.166575e-05,7.947707e-05,0.000148219,0.0002702842,0.0004821969,0.0008419501,0.001439323,0.002408421,0.00394005,0.006297616,0.009829285,0.01497401,0.02226102,0.03229995,0.04568392,0.06295651,0.08452243,0.1105427,0.1408437,0.1748568,0.2116127,0.2498089,0.2879342,0.3244427,0.3579839,0.3875853,0.4127856,0.4336616,0.4507598,0.4649279,0.4771027,0.488051,0.4982645,0.5079116,0.5169054,0.5250415,0.5321702,0.5383347,0.5438271,0.5491058,0.5546592,0.5608803,0.5679154,0.5756248,0.5836241,0.5914305,0.598638,0.6050753,0.6108261,0.6162466,0.6218293,0.6280308,0.6351004,0.6429897,0.6513762,0.659781,0.6677107,0.6748377,0.6811411,0.6869045,0.6926226,0.6988194,0.7058726,0.713874,0.7226088,0.7315751,0.7402109,0.7480751,0.7550115,0.7612025,0.7671126,0.7733248,0.780358,0.7884343,0.7974132,0.806854,0.8161549,0.824769,0.832389,0.8390573,0.8451717,0.8512905,0.8579765,0.8655829,0.8741199,0.883222,0.8923082,0.900663,0.9077938,0.9132169,0.9170727,0.9199527,0.9225222,0.9252819,0.9284046,0.9319386,0.9354472,0.9382454,0.9398515,0.9403865,0.9401032,0.9395587,0.9394423,0.9403241,0.9424637,0.9457181,0.9495829,0.9533691,0.9564338,0.958405,0.9593043,0.9595398,0.9597671,0.9606335,0.9625829,0.9656689,0.9695572,0.9736366,0.9772182,0.9797905,0.9812024,0.9817144,0.9818718,0.9823752,0.9837742,0.9862992,0.9897513,0.9935684,0.9969841,0.9992483,0.9998507,0.9985693,0.9954357,0.9905909,0.9839541,0.9750571,0.9628609,0.9458261,0.9220823,0.8898267,0.8476806,0.7951167,0.7326773,0.6619806,0.5855166,0.5063639,0.4278004,0.3528439,0.2839744,0.2229494,0.1707347,0.1275333,0.09292874,0.06606454,0.04583227,0.03103615,0.02051961,0.01324917,0.008357194,0.005151259,0.003103635,0.001828314,0.001053346,0.0005936645,0.0003273857,0.0001766938,9.334958e-05,4.82849e-05,2.445628e-05,1.213149e-05,5.894392e-06,2.805524e-06,1.308226e-06,5.976971e-07,2.675685e-07,1.173743e-07,5.045607e-08,2.125558e-08,8.775252e-09,3.550406e-09,1.407758e-09,5.470256e-10,2.083068e-10
band_2_srf_lambda=402.6013,402.6953,402.7881,402.8829,402.9767,403.0706,403.1635,403.258,403.352,403.446,403.5388,403.6333,403.7273,403.8214,403.9142,404.0087,404.1027,404.1967,404.2896,404.384,404.478,404.5721,404.665,404.7593,404.8533,404.9474,405.0405,405.1347,405.2287,405.3228,405.4158,405.5099,405.6041,405.698,405.7913,405.8852,405.9794,406.0735,406.1666,406.2605,406.3548,406.4488,406.542,406.6358,406.7301,406.8242,406.9174,407.0111,407.1054,407.1995,407.2928,407.3864,407.4807,407.5749,407.6682,407.7617,407.8561,407.9503,408.0436,408.1372,408.2314,408.3257,408.4189,408.5125,408.6067,408.701,408.7943,408.8878,408.9821,409.0764,409.1696,409.2631,409.3574,409.4519,409.5449,409.6385,409.7329,409.8274,409.9202,410.0139,410.1082,410.2028,410.2957,410.3892,410.4836,410.5782,410.671,410.7646,410.8589,410.9536,411.0463,411.14,411.2343,411.3289,411.4217,411.5152,411.6096,411.7043,411.7969,411.8907,411.985,412.0798,412.1723,412.2659,412.3603,412.4551,412.5476,412.6412,412.7357,412.8306,412.9229,413.0167,413.111,413.2059,413.2982,413.392,413.4864,413.5813,413.6736,413.7673,413.8617,413.9567,414.0489,414.1426,414.2371,414.332,414.4243,414.5178,414.6125,414.7073,414.7997,414.8932,414.9879,415.0826,415.175,415.2686,415.3633,415.4579,415.5504,415.6439,415.7387,415.8332,415.9257,416.0193,416.1141,416.2084,416.3011,416.3946,416.4895,416.5838,416.6765,416.7699,416.8648,416.9592,417.0519,417.1452,417.2402,417.3344,417.4272,417.5205,417.6156,417.7098,417.8026,417.896,417.9911,418.0851,418.178,418.2712,418.3665,418.4604,418.5533,418.6467,418.7418,418.8358,418.9288,419.022,419.1172,419.211,419.3041,419.3973,419.4926,419.5864,419.6795,419.7727,419.868,419.9617,420.0549,420.1481,420.2434,420.337,420.4302,420.5235,420.6187,420.7124,420.8057,420.8989,420.994,421.0877,421.181,421.2742
band_2_srf=1.982027e-10,4.267287e-10,9.072011e-10,1.904433e-09,3.947667e-09,8.080301e-09,1.633152e-08,3.259362e-08,6.423017e-08,1.249798e-07,2.401171e-07,4.554895e-07,8.530811e-07,1.577389e-06,2.87943e-06,5.188847e-06,9.230063e-06,1.620631e-05,2.808521e-05,4.803454e-05,8.107331e-05,0.000135025,0.0002218814,0.0003597127,0.0005752706,0.0009074548,0.00141177,0.002165889,0.003276333,0.00488615,0.0071831,0.01040802,0.01486201,0.02091138,0.02898843,0.03958672,0.05324807,0.07053947,0.0920211,0.118203,0.1494928,0.1861348,0.2281655,0.2753618,0.3272156,0.3829161,0.4413669,0.5012522,0.5611179,0.6194463,0.6747813,0.7258424,0.7716674,0.8116525,0.845588,0.8736463,0.8963315,0.9143749,0.9286504,0.9400244,0.9492513,0.9569131,0.9633938,0.9688814,0.9734153,0.9769457,0.9794181,0.9808442,0.9813294,0.9811,0.9804634,0.979775,0.9793586,0.9794577,0.9801826,0.9814942,0.9832129,0.9850696,0.986757,0.9880083,0.9886526,0.9886525,0.9881117,0.987255,0.9863822,0.9857778,0.9856901,0.9862276,0.9873754,0.9889726,0.9907657,0.9924499,0.9937549,0.9944785,0.9945689,0.9940929,0.9932687,0.9923577,0.9916641,0.9914299,0.9917921,0.9927657,0.9942037,0.9958648,0.9974072,0.9985647,0.9991292,0.9990116,0.9982565,0.9970487,0.9956487,0.9943681,0.9934722,0.9931146,0.9933114,0.9939312,0.9947838,0.9955896,0.9960772,0.9960412,0.9953787,0.9941226,0.9924625,0.9906445,0.9889651,0.9876662,0.986923,0.986777,0.9871241,0.9877486,0.988335,0.9885554,0.988099,0.9867429,0.9843492,0.9808748,0.9763259,0.9706972,0.9639321,0.9558265,0.9460105,0.9339425,0.9189255,0.9001774,0.876931,0.8485209,0.8144984,0.7747126,0.7293628,0.6790135,0.6245664,0.5671915,0.5082424,0.44915,0.3913127,0.3359992,0.2842741,0.2369499,0.1945596,0.1573613,0.1253678,0.09838489,0.07605761,0.0579239,0.04346254,0.03213317,0.02341103,0.01681001,0.01189735,0.008300832,0.005710038,0.003873108,0.002590841,0.001709394,0.001112545,0.0007143709,0.0004525962,0.0002829626,0.0001745918,0.0001063263,6.391836e-05,3.793322e-05,2.222602e-05,1.285838e-05,7.345552e-06,4.143898e-06,2.308687e-06,1.27033e-06,6.903759e-07,3.705864e-07,1.964922e-07,1.029123e-07,5.324337e-08,2.721144e-08,1.373825e-08,6.851887e-09,3.375911e-09,1.643135e-09,7.900541e-10,3.752673e-10
band_3_srf_lambda=433.6598,433.7548,433.849,433.9435,434.0358,434.1308,434.225,434.3197,434.4118,434.5069,434.601,434.6957,434.7879,434.883,434.977,435.0717,435.1639,435.259,435.3531,435.4478,435.5399,435.6349,435.7291,435.8239,435.916,436.0109,436.1051,436.1999,436.292,436.3869,436.4811,436.576,436.668,436.7629,436.8572,436.952,437.0439,437.1389,437.2333,437.328,437.4201,437.5149,437.6093,437.7039,437.7963,437.8908,437.9853,438.0801,438.1722,438.2669,438.3613,438.4561,438.5484,438.6429,438.7373,438.8321,438.9244,439.0187,439.1134,439.2081,439.3004,439.3948,439.4894,439.584,439.6765,439.7708,439.8655,439.9601,440.0526,440.1467,440.2415,440.336,440.4286,440.5227,440.6175,440.7121,440.8047,440.8987,440.9937,441.088,441.1809,441.2747,441.3697,441.464,441.557,441.6507,441.7458,441.84,441.933,442.0267,442.1218,442.216,442.3091,442.4027,442.4978,442.5919,442.6853,442.7787,442.8738,442.968,443.0613,443.1547,443.2499,443.344,443.4374,443.5307,443.6259,443.72,443.8135,443.9067,444.002,444.0959,444.1896,444.2827,444.378,444.4719,444.5657,444.6587,444.7541,444.8478,444.9417,445.0348,445.1301,445.2238,445.3179,445.4109,445.5062,445.5999,445.6939,445.7869,445.8822,445.9759,446.0702,446.1629,446.2582,446.3519,446.4461,446.5389,446.6342,446.7279,446.8223,446.9148,447.0103,447.1039,447.1983,447.291,447.3864,447.48,447.5744,447.6671,447.7624,447.8559,447.9505,448.0432,448.1383,448.2319,448.3266,448.4192,448.5144,448.6079,448.7027,448.7953,448.8904,448.984,449.0789,449.1714,449.2664,449.36,449.4549,449.5474,449.6424,449.736,449.8309,449.9234,450.0185,450.1119,450.207,450.2996,450.3945,450.4879,450.583,450.6756,450.7703,450.8639,450.959,451.0518,451.1463,451.2399,451.3351,451.4278,451.5223,451.6159,451.7111,451.8039,451.8982,451.992,452.0871,452.18,452.2742,452.368
band_3_srf=1.165617e-09,2.35751e-09,4.714311e-09,9.320786e-09,1.822023e-08,3.521441e-08,6.728977e-08,1.271263e-07,2.374506e-07,4.384681e-07,8.004074e-07,1.444361e-06,2.576386e-06,4.542433e-06,7.915597e-06,1.363216e-05,2.320054e-05,3.901637e-05,6.482879e-05,0.0001064198,0.0001725695,0.0002764035,0.0004372332,0.0006830001,0.001053444,0.001604101,0.002411154,0.003577137,0.005237263,0.007566175,0.01078438,0.01516378,0.02103101,0.02876767,0.0388055,0.05161602,0.06769256,0.08752513,0.1115668,0.1401955,0.1736695,0.2120865,0.2553425,0.3031056,0.3547994,0.4096121,0.4665211,0.5243449,0.5818126,0.6376448,0.6906447,0.7397889,0.7842857,0.8236333,0.8576408,0.8863991,0.910252,0.9297245,0.94545,0.9580765,0.9682085,0.9763572,0.9829062,0.9881249,0.9921718,0.9951444,0.9971492,0.9982653,0.9986438,0.9984743,0.9979752,0.9973893,0.9969094,0.9966941,0.9968137,0.9972448,0.9978857,0.9985837,0.9991803,0.999514,0.9994764,0.999092,0.9983835,0.9975121,0.9966385,0.9959205,0.9954987,0.9954314,0.9957072,0.9962288,0.9968543,0.9973961,0.9977026,0.9976461,0.9972016,0.9964136,0.9953957,0.9943063,0.9933212,0.9925759,0.9921597,0.9920657,0.9922315,0.9925081,0.9927399,0.9927863,0.9925241,0.991908,0.9909704,0.9898243,0.9886115,0.9875001,0.9866369,0.9861103,0.9859429,0.9860749,0.9863813,0.9867049,0.9868745,0.9867747,0.9863327,0.9855515,0.9845146,0.9833629,0.9822495,0.981324,0.9806725,0.9803225,0.9802133,0.9802137,0.9801223,0.9797238,0.9787951,0.9771512,0.9746446,0.9711589,0.9665924,0.9608296,0.9537029,0.9449538,0.9342158,0.9210199,0.9048158,0.885013,0.8610481,0.8324553,0.7989385,0.7604311,0.7171268,0.6695052,0.6183072,0.5644908,0.5091717,0.453541,0.3987881,0.3460202,0.2961996,0.2500953,0.2082594,0.1710171,0.1384792,0.1105676,0.08705056,0.06758138,0.0517387,0.0390628,0.02908753,0.02136414,0.01547896,0.01106434,0.007803456,0.005431002,0.003730428,0.002529178,0.001692781,0.001118604,0.0007299042,0.0004703517,0.0002993659,0.000188217,0.0001169075,7.174706e-05,4.351002e-05,2.607615e-05,1.544566e-05,9.043139e-06,5.233792e-06,2.99454e-06,1.693901e-06,9.473677e-07,5.238931e-07,2.864711e-07,1.548996e-07,8.282537e-08,4.379593e-08,2.290153e-08,1.184309e-08,6.056743e-09,3.063255e-09,1.532146e-09
band_4_srf_lambda=480.996,481.0912,481.1854,481.2801,481.3728,481.468,481.562,481.657,481.7496,481.8447,481.9388,482.0337,482.1263,482.2213,482.3156,482.4104,482.5032,482.5981,482.6923,482.7871,482.88,482.9748,483.0691,483.1638,483.2567,483.3515,483.4458,483.5406,483.6336,483.7282,483.8226,483.9174,484.0104,484.105,484.1994,484.294,484.3873,484.4816,484.5762,484.6707,484.7643,484.8584,484.953,485.0474,485.1411,485.2351,485.3298,485.4243,485.518,485.6118,485.7066,485.801,485.8949,485.9886,486.0833,486.1776,486.2719,486.3653,486.4601,486.5544,486.6488,486.7421,486.8369,486.9312,487.0257,487.1188,487.2137,487.308,487.4027,487.4956,487.5903,487.6846,487.7794,487.8724,487.9671,488.0613,488.1562,488.2492,488.3437,488.4382,488.533,488.626,488.7203,488.815,488.9097,489.0027,489.097,489.1917,489.2864,489.3795,489.4737,489.5685,489.6632,489.7563,489.8505,489.9453,490.04,490.1333,490.2272,490.3221,490.4167,490.51,490.6039,490.6988,490.7935,490.8869,490.9807,491.0756,491.1702,491.2638,491.3574,491.4524,491.547,491.6407,491.7342,491.8293,491.9237,492.0177,492.1109,492.2062,492.3005,492.3946,492.4876,492.5829,492.6772,492.7715,492.8644,492.9598,493.054,493.1484,493.2412,493.3365,493.4308,493.5253,493.618,493.7131,493.8076,493.902,493.9948,494.0898,494.1843,494.2788,494.3716,494.4664,494.561,494.6556,494.7484,494.8431,494.9379,495.0323,495.1252,495.2197,495.3147,495.409,495.502,495.5963,495.6915,495.7857,495.8788,495.973,496.0682,496.1626,496.2557,496.3498,496.4452,496.5394,496.6327,496.7266,496.8219,496.9161,497.0095,497.1033,497.1986,497.2928,497.3863,497.48,497.5755,497.6695,497.7632,497.8567,497.9522,498.0462,498.1401,498.2335,498.3292,498.4229,498.5172,498.6102,498.706,498.7998,498.894,498.9869,499.083,499.1765,499.2709,499.3636,499.4596,499.5533,499.6477,499.7405
band_4_srf=3.65819e-09,7.098093e-09,1.362795e-08,2.589014e-08,4.866895e-08,9.052697e-08,1.666136e-07,3.03414e-07,5.466934e-07,9.745827e-07,1.718859e-06,2.999071e-06,5.176462e-06,8.837871e-06,1.492449e-05,2.492586e-05,4.116822e-05,6.723405e-05,0.000108565,0.0001733056,0.0002734697,0.0004265067,0.0006573686,0.001001161,0.001506447,0.002239252,0.003287726,0.004767322,0.006826334,0.009651182,0.01347106,0.01856115,0.02524312,0.0338825,0.04488118,0.05866505,0.07566489,0.09629185,0.1209078,0.1497914,0.1831035,0.2208534,0.2628717,0.3087942,0.358054,0.4098958,0.4634039,0.5175469,0.5712354,0.6233897,0.6730109,0.719242,0.761423,0.7991266,0.8321595,0.8605623,0.884576,0.9045824,0.9210641,0.9345282,0.9454708,0.9543235,0.9614543,0.967135,0.971578,0.9749494,0.9773787,0.9790061,0.9799876,0.9804887,0.9806989,0.980781,0.9808978,0.9811427,0.9815811,0.982197,0.98293,0.9836843,0.9843558,0.9848431,0.9851066,0.9851339,0.9849702,0.9846975,0.9844321,0.9842789,0.9843177,0.9845911,0.9850761,0.9857135,0.9864072,0.9870341,0.9875154,0.9877613,0.9877654,0.9875527,0.9872161,0.9868616,0.9866096,0.9865403,0.9867399,0.9872094,0.9878863,0.9886919,0.9895111,0.9902347,0.990785,0.9911139,0.9912331,0.9912235,0.9911752,0.9911932,0.9913617,0.9917622,0.9923894,0.993215,0.9941629,0.9951228,0.9959823,0.9966496,0.9970781,0.9972833,0.9973099,0.9972481,0.9971967,0.9972581,0.9974856,0.9979044,0.9984514,0.9990271,0.9994778,0.9996287,0.9992877,0.9982849,0.9964638,0.9936733,0.9897636,0.9845639,0.9778523,0.9693455,0.9586669,0.9453751,0.9289647,0.9089127,0.8847395,0.8560388,0.8225751,0.7842981,0.7413928,0.6942909,0.6436594,0.5903673,0.5354269,0.47994,0.4250221,0.3717328,0.3210175,0.2736627,0.2302594,0.1911983,0.1566672,0.1266714,0.1010591,0.07955515,0.06179724,0.04736903,0.035832,0.0267502,0.0197107,0.01433622,0.01029368,0.00729721,0.005107933,0.003530922,0.002410677,0.001625753,0.001083158,0.000713024,0.0004638215,0.0002981855,0.0001894809,0.0001190259,7.392062e-05,4.53926e-05,2.756433e-05,1.655379e-05,9.832726e-06,5.777145e-06,3.357765e-06,1.930703e-06,1.098335e-06,6.182025e-07,3.442895e-07,1.897275e-07,1.034574e-07,5.582465e-08,2.980796e-08,1.575011e-08,8.235284e-09,4.261065e-09
band_5_srf_lambda=500.9836,501.0794,501.1731,501.2673,501.3603,501.4561,501.5499,501.644,501.7372,501.8327,501.9266,502.0208,502.114,502.2094,502.3034,502.3975,502.4908,502.5861,502.6802,502.7743,502.8676,502.9628,503.0571,503.1511,503.2445,503.3396,503.4338,503.5279,503.6213,503.7162,503.8107,503.9048,503.9982,504.0928,504.1876,504.2816,504.3751,504.4695,504.5645,504.6584,504.752,504.8462,504.9412,505.0351,505.1291,505.2229,505.3182,505.4117,505.5059,505.5995,505.6948,505.7885,505.8826,505.9763,506.0714,506.1652,506.2594,506.3529,506.4482,506.542,506.636,506.7296,506.8249,506.9188,507.0129,507.1064,507.2015,507.2955,507.3896,507.4832,507.5782,507.6722,507.7664,507.8599,507.9549,508.049,508.1431,508.2367,508.3315,508.4259,508.5199,508.6135,508.7082,508.8026,508.8967,508.9903,509.0849,509.1794,509.2733,509.3671,509.4616,509.5562,509.6503,509.744,509.8383,509.933,510.027,510.1208,510.215,510.3098,510.4039,510.4977,510.5917,510.6866,510.7806,510.8745,510.9684,511.0635,511.1575,511.2514,511.3451,511.4405,511.5341,511.6283,511.7218,511.8172,511.9109,512.0051,512.0984,512.194,512.2878,512.3818,512.4752,512.5706,512.6646,512.7586,512.8517,512.9472,513.0414,513.1353,513.2284,513.3239,513.4181,513.5121,513.6052,513.7007,513.7949,513.8888,513.9821,514.0774,514.1716,514.2656,514.3588,514.454,514.5484,514.6423,514.7357,514.8307,514.9253,515.0191,515.1125,515.2074,515.3019,515.3958,515.4893,515.584,515.6788,515.7725,515.8661,515.9607,516.0557,516.1494,516.243,516.3374,516.4325,516.5261,516.6198,516.7142,516.8093,516.9029,516.9968,517.0909,517.1863,517.2798,517.3736,517.4676,517.563,517.6566,517.7505,517.8442,517.9399,518.0334,518.1273,518.221,518.3167,518.4101,518.5041,518.5976,518.6934,518.787,518.8809,518.9742,519.0701,519.1636,519.2576,519.351,519.4467,519.5405,519.6344,519.7277
band_5_srf=4.219529e-09,8.137373e-09,1.552999e-08,2.933093e-08,5.482128e-08,1.014002e-07,1.85603e-07,3.361899e-07,6.02587e-07,1.068754e-06,1.875599e-06,3.256738e-06,5.594718e-06,9.508203e-06,1.598485e-05,2.6581e-05,4.371659e-05,7.110328e-05,0.0001143546,0.0001818407,0.000285857,0.0004441963,0.0006822026,0.001035404,0.001552766,0.002300628,0.003367238,0.004867801,0.006949758,0.009797866,0.01363847,0.01874254,0.02542565,0.0340454,0.04499364,0.05868392,0.07553313,0.09593801,0.1202453,0.14872,0.1815119,0.2186238,0.2598875,0.3049437,0.353241,0.4040491,0.4564811,0.5095416,0.5621802,0.6133559,0.6621045,0.707599,0.7491966,0.7864755,0.8192415,0.8475214,0.8715316,0.8916315,0.9082664,0.9219276,0.9330834,0.9421552,0.9494975,0.9553856,0.9600303,0.9636086,0.9662563,0.968113,0.9693409,0.9700947,0.9705567,0.9708861,0.9712348,0.9716987,0.9723263,0.9731192,0.9740109,0.9749244,0.9757534,0.9764192,0.9768738,0.9771075,0.9771634,0.9771284,0.9770958,0.9771669,0.9774224,0.9778965,0.9785795,0.9794126,0.9803041,0.9811588,0.9818773,0.9824004,0.9827061,0.9828193,0.9828208,0.9828093,0.982882,0.9831334,0.9836081,0.9843131,0.9851947,0.986176,0.987148,0.9880138,0.9886973,0.9891658,0.9894254,0.9895595,0.9896344,0.9897697,0.9900508,0.9905393,0.9912452,0.9921362,0.9931369,0.994136,0.9950479,0.9957762,0.9962935,0.9965818,0.996711,0.9967486,0.9968003,0.9969569,0.997269,0.9977477,0.9983484,0.9989609,0.9994378,0.9996154,0.9993062,0.9983396,0.9965529,0.9937966,0.9899229,0.984742,0.9780364,0.9695099,0.9587909,0.9454373,0.9289554,0.9088331,0.8845978,0.8558654,0.8224013,0.7841681,0.7413539,0.6943877,0.6439285,0.5908318,0.5360993,0.480819,0.426089,0.372957,0.3223611,0.275079,0.2317036,0.192627,0.158041,0.127959,0.1022366,0.08060795,0.06271833,0.0481586,0.03649543,0.02729729,0.02015362,0.0146885,0.01056911,0.00750901,0.005268195,0.003650289,0.002498234,0.001689025,0.001128216,0.0007446614,0.0004857271,0.0003131468,0.0001995639,0.0001257326,7.832421e-05,4.824778e-05,2.93926e-05,1.771019e-05,1.055532e-05,6.223303e-06,3.63e-06,2.094869e-06,1.19619e-06,6.758602e-07,3.778753e-07,2.090688e-07,1.144697e-07,6.20244e-08,3.325898e-08,1.764953e-08,9.269099e-09,4.81743e-09
band_6_srf_lambda=550.9701,551.0652,551.1588,551.2524,551.3469,551.4422,551.5358,551.6294,551.7239,551.8192,551.9128,552.0063,552.1008,552.196,552.29,552.3833,552.4778,552.5731,552.6669,552.7604,552.8549,552.95,553.0441,553.1374,553.2319,553.3269,553.4211,553.5144,553.609,553.7038,553.7983,553.8915,553.986,554.0808,554.1754,554.2684,554.363,554.4577,554.5523,554.6454,554.7397,554.8347,554.9293,555.0226,555.1166,555.2115,555.3062,555.3997,555.4936,555.5886,555.6832,555.7766,555.8705,555.9655,556.0601,556.1538,556.2474,556.3425,556.437,556.5308,556.6245,556.7194,556.8139,556.9079,557.0013,557.0965,557.1909,557.2849,557.3784,557.4734,557.5679,557.6619,557.7552,557.8504,557.9448,558.039,558.1323,558.2274,558.3218,558.4161,558.5094,558.6044,558.6987,558.7932,558.8864,558.9814,559.0756,559.1703,559.2634,559.3585,559.4528,559.5475,559.6405,559.7354,559.8296,559.9244,560.0175,560.1124,560.2067,560.3014,560.3945,560.4892,560.5835,560.6784,560.7715,560.8661,560.9604,561.0552,561.1486,561.2429,561.3375,561.4321,561.5256,561.6198,561.7144,561.809,561.9027,561.9967,562.0914,562.1859,562.2796,562.3737,562.4684,562.5629,562.6567,562.7505,562.8454,562.9398,563.0339,563.1275,563.2225,563.3168,563.4109,563.5045,563.5995,563.6937,563.788,563.8815,563.9764,564.0706,564.165,564.2585,564.3536,564.4476,564.5422,564.6356,564.7306,564.8246,564.9193,565.0126,565.1076,565.2015,565.2965,565.3896,565.4847,565.5784,565.6735,565.7665,565.8617,565.9554,566.0504,566.1436,566.2385,566.3323,566.4274,566.5206,566.6154,566.7092,566.8043,566.8977,566.9922,567.0863,567.1812,567.2745,567.3693,567.4632,567.5581,567.6517,567.7461,567.8403,567.935,568.0284,568.1232,568.2171,568.312,568.4058,568.4998,568.5945,568.6888,568.7825,568.877,568.9713,569.0661,569.16,569.2534,569.3489,569.4427,569.5364,569.6309,569.7253
band_6_srf=4.167506e-09,8.050721e-09,1.538902e-08,2.91081e-08,5.448112e-08,1.009044e-07,1.849276e-07,3.353665e-07,6.018032e-07,1.068551e-06,1.877268e-06,3.263077e-06,5.611461e-06,9.546507e-06,1.606574e-05,2.674285e-05,4.402801e-05,7.168357e-05,0.0001154076,0.0001837058,0.0002890901,0.0004496887,0.0006913581,0.001050382,0.001576842,0.002338654,0.003426288,0.004957953,0.00708512,0.009997718,0.0139288,0.01915727,0.02600847,0.03485105,0.04608925,0.06014967,0.07746221,0.09843606,0.1234275,0.1527087,0.1864311,0.2245938,0.2670188,0.3133276,0.3629468,0.4151112,0.4689008,0.5232823,0.5771694,0.6294858,0.679239,0.7255822,0.7678643,0.8056609,0.8387905,0.867292,0.8914075,0.9115199,0.9281008,0.9416604,0.9526805,0.9615984,0.9687666,0.9744719,0.978922,0.9822864,0.9846957,0.9863093,0.9872767,0.987759,0.9879605,0.9880357,0.9881427,0.9883878,0.9888085,0.9894099,0.990113,0.9908308,0.9914595,0.9919092,0.9921266,0.9921126,0.9919136,0.9916179,0.9913325,0.9911645,0.9911908,0.9914563,0.9919352,0.9925641,0.9932523,0.9938842,0.9943537,0.9946024,0.9946097,0.9944047,0.9940777,0.9937329,0.9934803,0.9934082,0.9935679,0.9939576,0.9945285,0.9951848,0.9958317,0.9963385,0.9966567,0.9967321,0.9965951,0.996323,0.9960026,0.9957469,0.9956667,0.9958113,0.9962009,0.9967861,0.997492,0.9982203,0.9988348,0.999253,0.9994455,0.9993914,0.9991564,0.998845,0.9985384,0.9983596,0.9983606,0.998555,0.9988865,0.9992503,0.9994956,0.9994437,0.9989065,0.9977124,0.9957043,0.9927378,0.9886788,0.9833512,0.9765494,0.9679811,0.9572883,0.944014,0.9276558,0.9076847,0.8836042,0.8550119,0.8216512,0.7834632,0.7406321,0.6935825,0.6429822,0.5896977,0.5347497,0.4792471,0.4243047,0.3709943,0.3202647,0.2729052,0.2295117,0.1904737,0.1559802,0.1260328,0.1004775,0.07903676,0.06134431,0.04698129,0.03550631,0.02648201,0.01949392,0.01416422,0.01015963,0.007194639,0.005030759,0.003473849,0.002369178,0.001596069,0.001062263,0.000698551,0.00045395,0.0002915546,0.0001850931,0.0001161642,7.208093e-05,4.422646e-05,2.683504e-05,1.610371e-05,9.558522e-06,5.612192e-06,3.259731e-06,1.873121e-06,1.064894e-06,5.989937e-07,3.333712e-07,1.835838e-07,1.00034e-07,5.393521e-08,2.877445e-08,1.518972e-08,7.934071e-09,4.100511e-09
band_7_srf_lambda=610.8991,610.9954,611.085,611.1819,611.2776,611.3681,611.4642,611.5575,611.651,611.7471,611.837,611.9338,612.0296,612.12,612.2162,612.3094,612.4032,612.4988,612.5888,612.6857,612.7814,612.8719,612.9682,613.0614,613.1553,613.2505,613.3409,613.4377,613.5333,613.6239,613.7201,613.8132,613.9072,614.0024,614.093,614.1898,614.2852,614.3755,614.4719,614.5652,614.6592,614.7539,614.8449,614.9417,615.0371,615.1276,615.2238,615.3172,615.4113,615.5057,615.597,615.6936,615.7889,615.8795,615.9758,616.0692,616.1633,616.2574,616.3491,616.4455,616.5408,616.6313,616.7275,616.8212,616.9153,617.0092,617.1011,617.1975,617.2927,617.3833,617.4794,617.573,617.6673,617.7609,617.853,617.9495,618.0444,618.1352,618.2312,618.325,618.4193,618.5127,618.605,618.7014,618.7963,618.887,618.9831,619.0769,619.1713,619.2645,619.3571,619.4534,619.5482,619.639,619.7349,619.8289,619.9234,620.0162,620.1092,620.2054,620.3,620.3909,620.4869,620.5807,620.6754,620.7679,620.861,620.9573,621.0518,621.1429,621.2386,621.3326,621.4271,621.5198,621.613,621.7091,621.8035,621.8948,621.9904,622.0845,622.1791,622.2717,622.3651,622.4609,622.5554,622.647,622.7422,622.8364,622.9312,623.0235,623.1169,623.2128,623.3071,623.399,623.494,623.5882,623.6831,623.7755,623.8688,623.9647,624.059,624.1512,624.2458,624.3399,624.4351,624.5275,624.6208,624.7165,624.8107,624.9031,624.9976,625.0917,625.187,625.2794,625.3727,625.4683,625.5626,625.6553,625.7495,625.8434,625.9388,626.0314,626.1248,626.2202,626.3143,626.4075,626.5012,626.5951,626.6909,626.7833,626.8768,626.972,627.0662,627.1596,627.2531,627.3467,627.4428,627.5354,627.6288,627.7239,627.818,627.9117,628.0049,628.0984,628.1949,628.2874,628.3807,628.4758,628.5698,628.6638,628.7569,628.8503,628.9467,629.0393,629.1328,629.2277,629.3215,629.416,629.5088,629.6022
band_7_srf=2.33981e-09,4.599926e-09,8.944836e-09,1.720507e-08,3.273518e-08,6.161085e-08,1.147069e-07,2.112598e-07,3.848925e-07,6.936667e-07,1.236655e-06,2.180795e-06,3.803976e-06,6.562885e-06,1.119846e-05,1.889729e-05,3.153427e-05,5.203162e-05,8.488103e-05,0.0001368868,0.0002182078,0.0003437814,0.0005352267,0.0008233368,0.00125124,0.001878293,0.002784725,0.004076958,0.005893328,0.00840999,0.01184622,0.01646872,0.02259331,0.03058382,0.04084621,0.05381668,0.06994512,0.08966949,0.113387,0.1414171,0.1739664,0.2110899,0.252661,0.298348,0.3476065,0.3996868,0.4536593,0.5084612,0.5629618,0.6160197,0.6665726,0.7137044,0.7566996,0.7950869,0.8286566,0.857446,0.8817032,0.9018459,0.9183843,0.931866,0.9428154,0.9516938,0.9588593,0.9646035,0.9691162,0.9725463,0.9750219,0.9766651,0.9776324,0.978088,0.9782412,0.9782774,0.9783769,0.978651,0.9791592,0.9798851,0.9807609,0.9816706,0.9824781,0.9830845,0.9834146,0.9834674,0.9832898,0.9829845,0.9826894,0.9825273,0.9825928,0.9829497,0.9835725,0.9843861,0.9852645,0.9860921,0.9867268,0.9871086,0.9871944,0.9870334,0.9867274,0.9863954,0.9861735,0.9861828,0.9864815,0.9870746,0.9879093,0.9888656,0.9898194,0.9906334,0.9912153,0.991527,0.9915866,0.9914644,0.9912876,0.9911999,0.9913068,0.991683,0.9923423,0.9932437,0.9942712,0.9953016,0.9962047,0.9968621,0.9972393,0.9973209,0.9972033,0.9969799,0.9967989,0.996777,0.9969848,0.9974428,0.9980817,0.9987812,0.9993687,0.9996363,0.9993837,0.9984363,0.9966405,0.9938645,0.9899834,0.9848571,0.9782726,0.9699472,0.9594904,0.946416,0.9301726,0.9101721,0.8858638,0.8568006,0.8227023,0.7835144,0.7394495,0.6909866,0.6388684,0.5840529,0.5276531,0.4708643,0.4148777,0.3608142,0.3096523,0.262183,0.2189835,0.1804053,0.1465851,0.1174678,0.0928401,0.07236841,0.05563924,0.04219433,0.03156511,0.02329599,0.0169636,0.01218915,0.008643704,0.006049994,0.00418023,0.002851652,0.001920923,0.001277916,0.0008397273,0.000545107,0.0003496203,0.0002215859,0.0001387956,8.593158e-05,5.25931e-05,3.182353e-05,1.903952e-05,1.126397e-05,6.590044e-06,3.81311e-06,2.182161e-06,1.235185e-06,6.915593e-07,3.829937e-07,2.098089e-07,1.136915e-07,6.094005e-08,3.231051e-08,1.694506e-08,8.790019e-09,4.509944e-09,2.288606e-09
band_8_srf_lambda=655.7303,655.8206,655.9175,656.0143,656.1028,656.2003,656.2939,656.3888,656.4838,656.5741,656.671,656.7681,656.8567,656.954,657.0472,657.1428,657.2372,657.3278,657.4244,657.5217,657.6105,657.7078,657.8005,657.8966,657.991,658.0814,658.178,658.2754,658.3643,658.4615,658.5538,658.6503,658.7448,658.8346,658.9316,659.0285,659.1183,659.2151,659.3072,659.4038,659.4983,659.5879,659.6852,659.7818,659.8723,659.9684,660.0607,660.1571,660.2521,660.3415,660.4388,660.5351,660.6262,660.7218,660.8142,660.9105,661.006,661.0951,661.1926,661.2883,661.3802,661.4752,661.5677,661.6639,661.7598,661.8487,661.9464,662.0414,662.1344,662.2286,662.3212,662.4173,662.5138,662.6024,662.7001,662.7946,662.8885,662.9821,663.0749,663.1707,663.2676,663.3561,663.4539,663.5478,663.6426,663.7357,663.8283,663.9242,664.0211,664.11,664.2073,664.3012,664.3961,664.4894,664.5817,664.6779,664.7745,664.864,664.9608,665.0547,665.1496,665.2432,665.3348,665.4316,665.5278,665.6179,665.7143,665.8082,665.9031,665.9969,666.0884,666.1854,666.2811,666.3719,666.4678,666.5617,666.6566,666.7507,666.842,666.9391,667.0344,667.1261,667.2211,667.3153,667.4102,667.5046,667.5956,667.6928,667.7878,667.8801,667.9746,668.0689,668.1636,668.2586,668.3493,668.4466,668.5411,668.6343,668.728,668.8224,668.9172,669.0125,669.103,669.2002,669.2944,669.3882,669.4816,669.5757,669.6706,669.7659,669.8567,669.9537,670.0476,670.1418,670.2352,670.329,670.4244,670.5193,670.6107,670.7071,670.8012,670.8954,670.9889,671.0823,671.178,671.2726,671.3645,671.4606,671.5548,671.6489,671.7426,671.8354,671.9319,672.0259,672.1185,672.214,672.3083,672.4023,672.4962,672.5892,672.6856,672.7792,672.8724,672.9674,673.062,673.1559,673.2501,673.3429,673.4394,673.5324,673.6265,673.7209,673.8156,673.9094,674.0039,674.0966,674.1931,674.2858,674.3805,674.4745
band_8_srf=1.465883e-09,2.927207e-09,5.780345e-09,1.128804e-08,2.180028e-08,4.163872e-08,7.865715e-08,1.469563e-07,2.715531e-07,4.962913e-07,8.970815e-07,1.603732e-06,2.835442e-06,4.957717e-06,8.572144e-06,1.465596e-05,2.477538e-05,4.140629e-05,6.840792e-05,0.0001117091,0.0001802839,0.000287508,0.0004530085,0.0007051098,0.001084011,0.001645757,0.002467063,0.003650953,0.005333,0.00768788,0.0109356,0.0153467,0.02124511,0.02900798,0.0390604,0.05186436,0.06790051,0.08764278,0.1115247,0.139902,0.1730099,0.2109218,0.2535146,0.3004379,0.3511093,0.4047177,0.4602544,0.5165632,0.5724156,0.6265789,0.6779168,0.7254596,0.7684769,0.8065172,0.8394219,0.8673028,0.8905118,0.9095652,0.9250634,0.9376314,0.9478335,0.9561395,0.9629095,0.9683789,0.9726993,0.9759684,0.9782693,0.9797176,0.9804492,0.980673,0.980608,0.9804892,0.980514,0.9808123,0.9814466,0.9823838,0.9835094,0.9846686,0.9856845,0.9864213,0.9867974,0.9867955,0.9865102,0.9860709,0.9856566,0.9854328,0.9855338,0.9860069,0.9868261,0.9878973,0.9890424,0.9901006,0.9909035,0.9913447,0.9914088,0.9911481,0.9906818,0.9901848,0.9898336,0.9897599,0.9900426,0.9906659,0.9915542,0.9925427,0.9934659,0.9941571,0.9944999,0.9944564,0.9940609,0.9934447,0.9927822,0.9922659,0.9920409,0.9922162,0.9927947,0.9937117,0.9948331,0.9959617,0.9969165,0.9975542,0.9978181,0.997681,0.9972713,0.9967334,0.9962491,0.9959795,0.9960573,0.9965009,0.9972434,0.9981331,0.9989561,0.9994723,0.9994488,0.9986769,0.9970178,0.9943802,0.9906728,0.9858224,0.9796818,0.9720035,0.9624256,0.9504438,0.9354575,0.9167999,0.893816,0.8659446,0.8327923,0.7942154,0.7503585,0.7016825,0.6489412,0.5931414,0.5354762,0.4772335,0.4197178,0.3641403,0.3115688,0.262863,0.2186395,0.1792727,0.144897,0.1154402,0.09065963,0.07018518,0.05356448,0.04030378,0.02990146,0.02187606,0.01578442,0.01123395,0.007887588,0.005464279,0.003735653,0.002520681,0.00167904,0.001104254,0.0007171629,0.000460019,0.0002914851,0.0001824768,0.0001128795,6.900811e-05,4.169853e-05,2.490739e-05,1.470854e-05,8.587924e-06,4.958144e-06,2.830688e-06,1.5982e-06,8.923939e-07,4.928112e-07,2.691618e-07,1.453987e-07,7.768153e-08,4.104709e-08,2.145085e-08,1.108642e-08,5.666449e-09,2.864078e-09,1.431529e-09
band_9_srf_lambda=665.726,665.808,665.8888,665.9711,666.0531,666.134,666.2164,666.2985,666.3793,666.4617,666.5438,666.6245,666.7073,666.7888,666.8692,666.9526,667.0337,667.1138,667.1978,667.2789,667.3585,667.4433,667.524,667.6037,667.6884,667.7693,667.8487,667.9333,668.0146,668.0937,668.178,668.2599,668.339,668.4229,668.5053,668.5842,668.6677,668.7506,668.8298,668.9125,668.9954,669.0756,669.1574,669.2402,669.3214,669.4026,669.4852,669.5671,669.6478,669.7303,669.8127,669.8931,669.9754,670.0579,670.1382,670.2206,670.3026,670.3835,670.4659,670.5475,670.6288,670.7113,670.7924,670.8741,670.9566,671.0374,671.1189,671.202,671.2824,671.3638,671.4474,671.5276,671.6088,671.6926,671.7728,671.8538,671.9377,672.0181,672.0989,672.1826,672.2634,672.3439,672.4274,672.5089,672.5891,672.6722,672.7545,672.8345,672.9171,672.9996,673.08,673.162,673.2447,673.3257,673.4069,673.4896,673.5712,673.652,673.7347,673.8164,673.8973,673.9798,674.0615,674.1425,674.2249,674.3066,674.3881,674.4702,674.5513,674.6336,674.7154,674.7962,674.879,674.9608,675.0411,675.1241,675.2062,675.2861,675.3691,675.4515,675.5311,675.6141,675.6967,675.7764,675.859,675.9418,676.0216,676.1039,676.1868,676.2672,676.3489,676.4319,676.5128,676.5941,676.6767,676.7585,676.8391,676.9216,677.0039,677.084,677.1664,677.249,677.3293,677.4112,677.4941,677.5746,677.6565,677.7393,677.8197,677.9017,677.9843,678.065,678.1472,678.2292,678.3102,678.3927,678.4742,678.5551,678.6382,678.7195,678.8001,678.8838,678.9648,679.045,679.129,679.2103,679.2899,679.3743,679.4557,679.5349,679.6193,679.7009,679.7803,679.8643,679.9461,680.0257,680.1091,680.1912,680.2712,680.3537,680.4363,680.517,680.5983,680.6813,680.7625,680.8433,680.9262,681.008,681.088,681.1711,681.2532,681.3331,681.4162,681.4985,681.578,681.6612,681.7437,681.8232,681.9066,681.9887
band_9_srf=1.355578e-09,2.476942e-09,4.487917e-09,8.063522e-09,1.436706e-08,2.53857e-08,4.448286e-08,7.73006e-08,1.33218e-07,2.276862e-07,3.859257e-07,6.487338e-07,1.081486e-06,1.787964e-06,2.93138e-06,4.765911e-06,7.68363e-06,1.22833e-05,1.947004e-05,3.059833e-05,4.76735e-05,7.363291e-05,0.0001127327,0.0001710685,0.0002572732,0.0003834252,0.0005662179,0.0008284342,0.001200763,0.001723983,0.002451529,0.003452404,0.004814349,0.006647191,0.00908608,0.01229447,0.01646607,0.02182624,0.02863108,0.03716454,0.04773315,0.06065699,0.07625819,0.09484569,0.1166969,0.1420363,0.1710154,0.2036922,0.2400098,0.2797832,0.3226914,0.3682745,0.4159472,0.4650095,0.5146816,0.5641348,0.6125371,0.6590915,0.7030849,0.7439251,0.7811671,0.8145365,0.8439278,0.8694071,0.8911804,0.9095623,0.9249493,0.9377632,0.9484277,0.9573215,0.9647689,0.9710217,0.976258,0.9805906,0.9840909,0.9868095,0.9887949,0.9900987,0.9908275,0.9910967,0.9910467,0.9908436,0.990642,0.9905798,0.9907523,0.991206,0.991928,0.9928584,0.9938946,0.9949191,0.9958143,0.9964751,0.996828,0.9968629,0.9966154,0.9961454,0.995598,0.9950834,0.9947226,0.9945987,0.9947726,0.9952389,0.9959369,0.9967827,0.997655,0.9984131,0.9989544,0.9991816,0.9990782,0.9986716,0.998019,0.9972535,0.9964727,0.9958296,0.9954149,0.995294,0.9954695,0.9958908,0.9964679,0.9970471,0.9974778,0.9975884,0.9972325,0.9962835,0.9946609,0.9923009,0.9891621,0.9852036,0.980356,0.9745077,0.9674724,0.958998,0.9487494,0.9363312,0.9213041,0.9032228,0.8816761,0.8563274,0.8269553,0.7934828,0.7560092,0.7148088,0.6703304,0.6231809,0.5740885,0.5238718,0.4733851,0.4234782,0.3749581,0.3285418,0.2848365,0.2443156,0.2073111,0.174016,0.1444893,0.1186756,0.0964199,0.0774929,0.06161194,0.04846155,0.03771224,0.02903708,0.02212293,0.01667961,0.01244586,0.009191793,0.006719848,0.004863458,0.00348502,0.002472793,0.00173757,0.001209259,0.0008336129,0.0005692841,0.0003851762,0.0002582271,0.0001715543,0.0001129539,7.371235e-05,4.768254e-05,3.05768e-05,1.943893e-05,1.225258e-05,7.657432e-06,4.745305e-06,2.916006e-06,1.776938e-06,1.073808e-06,6.435225e-07,3.824619e-07,2.254261e-07,1.317696e-07,7.638691e-08,4.391481e-08,2.503729e-08,1.415594e-08,7.93699e-09,4.41294e-09,2.433022e-09,1.330136e-09
band_10_srf_lambda=673.2435,673.3241,673.4048,673.4886,673.5695,673.6503,673.7337,673.8149,673.8957,673.979,674.0601,674.1413,674.2241,674.3053,674.387,674.4694,674.5504,674.6327,674.7148,674.7954,674.8783,674.9603,675.0405,675.1236,675.2056,675.2854,675.369,675.451,675.5306,675.6141,675.6963,675.7758,675.8591,675.9417,676.0215,676.1041,676.1868,676.2673,676.3492,676.4319,676.5131,676.5946,676.6772,676.7589,676.8395,676.922,677.0045,677.0845,677.1669,677.2499,677.33,677.412,677.4952,677.5755,677.6572,677.7405,677.8207,677.9026,677.9855,678.066,678.1481,678.2306,678.3113,678.3939,678.4758,678.5566,678.6396,678.7211,678.8018,678.8853,678.9666,679.0467,679.1309,679.2122,679.2917,679.3762,679.4576,679.537,679.6213,679.7029,679.7823,679.8665,679.9482,680.0278,680.1113,680.1937,680.2734,680.356,680.4388,680.5192,680.6008,680.684,680.7651,680.8458,680.9291,681.0107,681.0907,681.1742,681.2565,681.3357,681.4193,681.5016,681.5811,681.6645,681.747,681.8265,681.9097,681.9922,682.0719,682.1552,682.2373,682.3173,682.4008,682.4823,682.5625,682.6464,682.7275,682.808,682.892,682.973,683.0534,683.1378,683.2185,683.2985,683.3833,683.4639,683.5436,683.6282,683.7094,683.7888,683.8732,683.9548,684.0342,684.1179,684.2001,684.2798,684.3624,684.4456,684.5255,684.6071,684.691,684.7711,684.8518,684.9364,685.0169,685.0969,685.1816,685.2626,685.3419,685.4267,685.5082,685.5869,685.6718,685.7534,685.8323,685.9171,685.9987,686.0779,686.1624,686.2441,686.3235,686.4079,686.489,686.5689,686.6533,686.7341,686.8145,686.899,686.9792,687.0599,687.1443,687.2248,687.3053,687.3895,687.4703,687.5504,687.6346,687.7157,687.7955,687.8795,687.9614,688.0409,688.1241,688.2071,688.2862,688.369,688.4526,688.532,688.6136,688.6982,688.7774,688.8582,688.9435,689.023,689.103,689.1888,689.2689,689.3481,689.4342,689.5146
band_10_srf=1.288212e-09,2.35934e-09,4.284628e-09,7.715543e-09,1.377725e-08,2.439562e-08,4.283725e-08,7.459353e-08,1.288115e-07,2.205905e-07,3.74625e-07,6.309356e-07,1.053776e-06,1.74533e-06,2.866558e-06,4.668623e-06,7.539516e-06,1.207279e-05,1.916721e-05,3.016977e-05,4.70778e-05,7.282159e-05,0.0001116516,0.0001696641,0.0002555044,0.0003812884,0.0005637816,0.0008258945,0.001198526,0.001722779,0.002452587,0.003457666,0.00482676,0.006671054,0.009127546,0.01236193,0.01657101,0.02198361,0.02886011,0.03748934,0.04818312,0.06126747,0.07707016,0.0959053,0.118055,0.143747,0.1731357,0.2062755,0.2431073,0.2834381,0.3269369,0.3731302,0.4214144,0.4710722,0.5213042,0.5712613,0.6200917,0.6669866,0.7112201,0.7521932,0.789461,0.8227553,0.851981,0.8772179,0.8986921,0.9167393,0.9317688,0.9442251,0.9545374,0.9631099,0.9702578,0.9762375,0.9812204,0.9853216,0.9886012,0.991099,0.9928486,0.9939274,0.9944166,0.9944247,0.9941247,0.9936733,0.993232,0.9929433,0.9929069,0.9931723,0.9937232,0.9944984,0.9953963,0.9962868,0.9970394,0.997551,0.9977545,0.9976324,0.9972136,0.9965959,0.9958926,0.9952368,0.9947529,0.9945459,0.9946654,0.9951128,0.995832,0.9967238,0.9976667,0.9985183,0.9991636,0.9995097,0.999532,0.9992336,0.9986956,0.9980273,0.9973544,0.9968026,0.9964859,0.9964685,0.9967558,0.997299,0.9979863,0.9986935,0.9992408,0.9994683,0.9992262,0.9983864,0.996861,0.9945963,0.9915512,0.9876862,0.9829447,0.9772064,0.9703055,0.9619812,0.9519004,0.9396611,0.9248163,0.9069135,0.8855293,0.8603123,0.8310328,0.7976025,0.7601158,0.7188402,0.6742275,0.6268865,0.5775547,0.5270558,0.4762584,0.4260234,0.3771695,0.3304265,0.2864091,0.2455987,0.2083338,0.1748093,0.1450878,0.1191114,0.09672417,0.07769404,0.06173466,0.04852635,0.03773667,0.02903457,0.0221039,0.0166518,0.0124146,0.009160624,0.006690911,0.004837905,0.003463308,0.002454904,0.001723199,0.001197967,0.0008249228,0.0005627138,0.0003802905,0.0002546497,0.0001689727,0.000111117,7.242204e-05,4.678751e-05,2.99633e-05,1.902329e-05,1.197411e-05,7.472918e-06,4.624343e-06,2.837514e-06,1.726528e-06,1.041759e-06,6.233458e-07,3.698822e-07,2.176581e-07,1.270174e-07,7.350715e-08,4.218563e-08,2.400865e-08,1.354964e-08,7.582955e-09,4.208113e-09,2.31561e-09,1.263457e-09
band_11_srf_lambda=699.582,699.6771,699.7734,699.8629,699.9622,700.054,700.1485,700.2453,700.3364,700.432,700.5278,700.6179,700.7167,700.8088,700.903,700.9999,701.0906,701.1869,701.2821,701.3727,701.4714,701.5632,701.6577,701.7545,701.8449,701.9417,702.0365,702.1276,702.2258,702.3177,702.4124,702.509,702.5992,702.6965,702.7908,702.8825,702.9802,703.0723,703.1669,703.2636,703.3534,703.4512,703.5451,703.6374,703.7346,703.8267,703.9216,704.0182,704.1075,704.2058,704.2995,704.3922,704.4891,704.5811,704.6763,704.7729,704.8618,704.9604,705.0539,705.1473,705.2436,705.3353,705.431,705.5277,705.6167,705.7151,705.8083,705.9023,705.9982,706.0897,706.1859,706.2821,706.3716,706.4696,706.563,706.657,706.7527,706.8441,706.9405,707.0366,707.1264,707.2242,707.3176,707.4116,707.5074,707.5982,707.6953,707.7909,707.8812,707.9785,708.072,708.1662,708.262,708.3525,708.45,708.5452,708.6361,708.733,708.8264,708.9207,709.0166,709.1067,709.2047,709.2994,709.391,709.4877,709.5806,709.6751,709.7716,709.861,709.9592,710.0536,710.1459,710.2424,710.3348,710.4297,710.5264,710.6157,710.7142,710.8079,710.9009,710.9971,711.0892,711.1843,711.2814,711.3705,711.469,711.5623,711.6558,711.7519,711.8434,711.9389,712.0359,712.1254,712.2236,712.3167,712.4102,712.5067,712.5977,712.6935,712.7902,712.8802,712.9784,713.071,713.1646,713.2615,713.3519,713.4482,713.5443,713.6351,713.7329,713.8252,713.919,714.0164,714.1061,714.2027,714.2986,714.3899,714.4876,714.5796,714.6736,714.771,714.8603,714.9575,715.0528,715.1447,715.2422,715.3339,715.428,715.5259,715.6149,715.7123,715.8071,715.8996,715.9969,716.0882,716.1826,716.2808,716.3695,716.4673,716.5612,716.6546,716.7515,716.8427,716.9371,717.0356,717.1243,717.2223,717.3156,717.4092,717.5063,717.597,717.6917,717.79,717.879,717.9771,718.0699,718.1636,718.2612,718.3513
band_11_srf=1.064765e-09,2.147152e-09,4.281485e-09,8.442391e-09,1.646239e-08,3.174615e-08,6.054401e-08,1.141939e-07,2.130158e-07,3.929894e-07,7.170457e-07,1.293898e-06,2.309035e-06,4.074922e-06,7.111152e-06,1.22705e-05,2.093388e-05,3.530669e-05,5.886197e-05,9.699063e-05,0.0001579351,0.0002541077,0.0004039023,0.0006341334,0.0009832315,0.001505301,0.00227512,0.003394049,0.004996714,0.00725817,0.01040085,0.01470063,0.02049069,0.02816222,0.03815973,0.05097019,0.06710463,0.08707069,0.1113378,0.140296,0.1742085,0.2131661,0.2570471,0.3054855,0.3578593,0.4132964,0.4707098,0.5288486,0.5863788,0.6419775,0.6944227,0.7426886,0.7860177,0.8239679,0.8564245,0.883575,0.9058641,0.9239046,0.9383999,0.9500437,0.9594544,0.9671265,0.9734052,0.9784927,0.9824957,0.9854618,0.9874282,0.9884877,0.9887819,0.9885212,0.9879749,0.9873989,0.987039,0.9870529,0.9875095,0.98836,0.9894623,0.9906169,0.9916028,0.9922515,0.9924298,0.9921483,0.9914971,0.9906427,0.9898052,0.9892023,0.9889914,0.989257,0.9899627,0.9909986,0.9921516,0.9932163,0.993979,0.9942989,0.9941467,0.9935897,0.9927695,0.9919083,0.9912328,0.9909213,0.9910899,0.9917318,0.9927757,0.9940243,0.9952592,0.9962775,0.996904,0.9970469,0.9967757,0.9961706,0.9954314,0.9947887,0.9944332,0.9944904,0.9949946,0.9958826,0.9969912,0.9981256,0.999068,0.9996293,0.9997361,0.9993816,0.9986666,0.9977825,0.9969383,0.9963358,0.9961238,0.9963461,0.9969504,0.9977657,0.9985721,0.9990728,0.9990392,0.9982306,0.9965028,0.9937786,0.9900064,0.9851285,0.9790511,0.9715514,0.9622768,0.9507308,0.9362766,0.9182048,0.8957962,0.8684237,0.8356349,0.7972316,0.7533327,0.7043902,0.6511732,0.5947321,0.536312,0.4772648,0.4189548,0.3626532,0.3094714,0.2602979,0.2157661,0.1762448,0.1418593,0.1125115,0.08793267,0.06772286,0.05140277,0.03845442,0.0283573,0.02061554,0.01477755,0.01044606,0.00728313,0.005009274,0.003399377,0.002276523,0.001504783,0.000981943,0.0006326886,0.0004025909,0.0002530376,0.0001571194,9.639803e-05,5.844754e-05,3.502561e-05,2.074836e-05,1.215092e-05,7.035694e-06,4.02824e-06,2.280679e-06,1.276963e-06,7.070971e-07,3.872374e-07,2.097396e-07,1.123549e-07,5.952636e-08,3.119085e-08,1.616349e-08,8.283665e-09,4.198303e-09,2.104137e-09,1.04281e-09
band_12_srf_lambda=745.8942,745.9741,746.0565,746.1393,746.2193,746.302,746.384,746.4647,746.5475,746.6286,746.71,746.7932,746.8734,746.9554,747.0386,747.1182,747.2006,747.2837,747.3632,747.446,747.5292,747.6084,747.6917,747.7745,747.8535,747.9371,748.0195,748.0987,748.1826,748.2645,748.3441,748.428,748.5092,748.5893,748.6736,748.7538,748.8346,748.9192,748.9987,749.08,749.1644,749.2441,749.3254,749.4096,749.4894,749.5709,749.655,749.7347,749.8167,749.9003,749.9799,750.0621,750.1456,750.225,750.3077,750.3905,750.4703,750.5532,750.6349,750.7157,750.7987,750.8794,750.961,751.0443,751.1241,751.2064,751.2894,751.3688,751.452,751.5347,751.6136,751.6976,751.78,751.8589,751.9432,752.0253,752.1042,752.1887,752.2704,752.3493,752.4343,752.5155,752.5946,752.6799,752.7603,752.8397,752.9254,753.0049,753.0853,753.1707,753.2499,753.3309,753.4159,753.4951,753.5764,753.661,753.7405,753.8221,753.9061,753.9857,754.0677,754.1511,754.2309,754.3132,754.3959,754.4762,754.5588,754.6409,754.7215,754.8044,754.8857,754.9668,755.0499,755.13,755.2123,755.2951,755.3746,755.4579,755.5404,755.6197,755.7034,755.7855,755.8644,755.9492,756.0308,756.1094,756.1949,756.2761,756.3547,756.4403,756.5213,756.5998,756.6859,756.7664,756.8453,756.9315,757.0115,757.0908,757.1769,757.2562,757.3362,757.4221,757.5012,757.5819,757.6669,757.7461,757.8276,757.9117,757.9916,758.0732,758.1566,758.2368,758.3189,758.4015,758.4821,758.5645,758.6464,758.7274,758.8099,758.8914,758.9728,759.0555,759.1362,759.2183,759.3008,759.3808,759.4639,759.546,759.6255,759.7095,759.7911,759.8703,759.9551,760.0364,760.1152,760.2009,760.2817,760.36,760.4465,760.527,760.6056,760.692,760.7722,760.8509,760.9375,761.0175,761.0964,761.183,761.2626,761.3417,761.4278,761.5074,761.5872,761.6725,761.7524,761.8329,761.9174,761.9973,762.0786,762.1622
band_12_srf=9.251038e-10,1.701961e-09,3.105268e-09,5.61886e-09,1.008347e-08,1.794707e-08,3.168168e-08,5.547054e-08,9.632944e-08,1.659224e-07,2.834649e-07,4.803342e-07,8.07294e-07,1.345727e-06,2.224891e-06,3.648152e-06,5.932425e-06,9.566733e-06,1.52983e-05,2.42572e-05,3.813486e-05,5.943626e-05,9.183079e-05,0.0001406333,0.0002134545,0.0003210634,0.0004785109,0.0007065698,0.001033539,0.001497442,0.002148665,0.003052998,0.004295017,0.005981764,0.00824643,0.01125172,0.01519283,0.02029898,0.02683368,0.03509224,0.0453971,0.05808895,0.07351501,0.09201258,0.1138901,0.1394046,0.1687371,0.2019694,0.2390631,0.2798386,0.3239665,0.3709672,0.4202138,0.470956,0.522344,0.5734851,0.6234619,0.6714085,0.7165507,0.7582434,0.7960182,0.8295925,0.8588812,0.8839877,0.9051734,0.9228239,0.9373991,0.9493938,0.9592792,0.9674796,0.9743376,0.9801081,0.9849492,0.9889519,0.9921536,0.994565,0.9962165,0.9971468,0.9974471,0.9972301,0.9966956,0.9960018,0.9953483,0.9948997,0.9947631,0.9949895,0.9955591,0.9963996,0.9973772,0.998347,0.9991499,0.9996786,0.9998,0.999547,0.9989503,0.998105,0.9971558,0.9962596,0.9955564,0.9951658,0.9951404,0.9954765,0.9961047,0.9969046,0.997734,0.9984295,0.9988485,0.9989094,0.9985705,0.9978574,0.9968808,0.9957684,0.9946846,0.993785,0.9932048,0.9930088,0.9932151,0.9937602,0.9945229,0.9953294,0.9959882,0.9963063,0.9961089,0.9952713,0.9937059,0.9913799,0.9882702,0.9843881,0.9796858,0.9740927,0.9674395,0.9594806,0.9498636,0.9381599,0.9238868,0.9065391,0.8856427,0.8607982,0.8317347,0.7983388,0.7606936,0.7190697,0.6739417,0.6259539,0.5758891,0.5246208,0.4730685,0.4221413,0.3726971,0.3254921,0.281161,0.2401917,0.2029177,0.1695208,0.1400424,0.1144013,0.09241583,0.07382849,0.05832892,0.04557806,0.03522665,0.02693195,0.02036981,0.01524309,0.01128688,0.008270618,0.005998165,0.004305971,0.0030602,0.002153333,0.001500427,0.001035417,0.0007077357,0.0004792226,0.0003214927,0.0002137104,0.0001407836,9.191746e-05,5.948567e-05,3.816259e-05,2.427256e-05,1.530689e-05,9.571637e-06,5.935317e-06,3.649919e-06,2.226018e-06,1.346464e-06,8.077911e-07,4.806757e-07,2.837056e-07,1.660956e-07,9.645425e-08,5.555953e-08,3.17438e-08,1.798926e-08,1.011144e-08,5.637026e-09,3.116831e-09,1.709194e-09,9.295491e-10
band_13_srf_lambda=755.9323,755.9872,756.0458,756.0985,756.159,756.2125,756.2717,756.326,756.3839,756.4406,756.4966,756.5546,756.6082,756.6682,756.7217,756.7811,756.8345,756.894,756.9489,757.0062,757.0627,757.118,757.1771,757.2313,757.2903,757.3431,757.4034,757.4575,757.5159,757.5709,757.6277,757.6857,757.7409,757.7992,757.8521,757.9127,757.966,758.0254,758.0794,758.1378,758.1939,758.2502,758.3079,758.3619,758.4217,758.4756,758.5345,758.5877,758.6475,758.7025,758.7601,758.8159,758.8717,758.9308,758.985,759.0437,759.0963,759.1569,759.2109,759.2697,759.3243,759.3813,759.4391,759.4947,759.5526,759.6057,759.6663,759.7198,759.779,759.8326,759.8915,759.9474,760.004,760.0611,760.1156,760.1754,760.2291,760.2881,760.3411,760.401,760.4559,760.5139,760.5692,760.6254,760.6841,760.7388,760.7972,760.8496,760.9105,760.9644,761.0234,761.0775,761.1352,761.1924,761.2483,761.3059,761.3595,761.4199,761.4737,761.5324,761.5859,761.6451,761.701,761.7578,761.8143,761.8692,761.9291,761.983,762.0417,762.0942,762.1544,762.2094,762.2678,762.3224,762.3787,762.4376,762.4924,762.5506,762.6035,762.6639,762.7183,762.7768,762.8309,762.889,762.9459,763.002,763.0592,763.1131,763.1735,763.2275,763.2859,763.3391,763.3985,763.4544,763.5117,763.5674,763.6227,763.6826,763.7367,763.795,763.8476,763.9078,763.9629,764.0214,764.0758,764.1327,764.1909,764.2463,764.304,764.3571,764.4173,764.472,764.5303,764.5841,764.6426,764.6994,764.7556,764.8124,764.8666,764.9268,764.9813,765.0396,765.0923,765.152,765.2079,765.2657,765.3207,765.3764,765.4362,765.4905,765.5485,765.6014,765.6614,765.7167,765.7748,765.8291,765.8865,765.9446,765.9999,766.0573,766.1109,766.1708,766.2258,766.2839,766.3374,766.3962,766.4529,766.5095,766.5657,766.6203,766.6803,766.735,766.793,766.8458,766.9054,766.9614,767.0193,767.074,767.13,767.1896
band_13_srf=1.004419e-09,1.531873e-09,2.327051e-09,3.520999e-09,5.306525e-09,7.966003e-09,1.191133e-08,1.774083e-08,2.631983e-08,3.889467e-08,5.725327e-08,8.394836e-08,1.22611e-07,1.783824e-07,2.585119e-07,3.731774e-07,5.366037e-07,7.685934e-07,1.09658e-06,1.558411e-06,2.206066e-06,3.110599e-06,4.368715e-06,6.11141e-06,8.515297e-06,1.181737e-05,1.633405e-05,2.248591e-05,3.082906e-05,4.209495e-05,5.724115e-05,7.751418e-05,0.0001045282,0.0001403633,0.0001876823,0.0002498777,0.0003312449,0.0004371901,0.0005744788,0.0007515247,0.0009787192,0.001268819,0.001637385,0.002103254,0.002689077,0.003421895,0.004333733,0.005462261,0.006851372,0.008551864,0.01062195,0.01312771,0.01614353,0.01975226,0.0240452,0.02912171,0.03508874,0.04205995,0.05015386,0.05949305,0.07020058,0.08239831,0.09620338,0.111725,0.1290601,0.1482891,0.1694729,0.1926476,0.2178221,0.2449716,0.2740382,0.3049264,0.3375031,0.3715988,0.4070056,0.4434821,0.4807573,0.5185333,0.5564969,0.5943202,0.6316752,0.6682354,0.7036934,0.7377566,0.7701673,0.8007075,0.8291836,0.855464,0.8794525,0.9011001,0.9203985,0.9373759,0.9521022,0.9646504,0.9751249,0.9836329,0.9902802,0.9951665,0.998377,0.9999722,0.9999537,0.9983336,0.9950997,0.9901796,0.9835027,0.9749597,0.9644566,0.951889,0.9371527,0.9201569,0.9008439,0.8791866,0.8551859,0.8288979,0.8004138,0.7698792,0.7374771,0.7034224,0.667982,0.63144,0.5941077,0.5563072,0.5183692,0.4806184,0.4433688,0.4069172,0.3715351,0.3374614,0.3049043,0.2740342,0.2449832,0.2178472,0.1926838,0.169517,0.1483396,0.1291146,0.1117823,0.09626174,0.08245648,0.07025784,0.05954843,0.05020658,0.04210897,0.03513419,0.0291632,0.02408262,0.01978588,0.01617366,0.01315454,0.01064556,0.008572442,0.006869104,0.005477363,0.00434645,0.003432528,0.002697919,0.002110565,0.001643388,0.001273715,0.0009826829,0.0007547152,0.0005770324,0.0004392195,0.0003328483,0.000251137,0.0001886658,0.0001411272,0.0001051183,7.79671e-05,5.75872e-05,4.235798e-05,3.102788e-05,2.26355e-05,1.644595e-05,1.190065e-05,8.577028e-06,6.156909e-06,4.402097e-06,3.134967e-06,2.223766e-06,1.57121e-06,1.10579e-06,7.751903e-07,5.413077e-07,3.76514e-07,2.608695e-07,1.800401e-07,1.237715e-07,8.475696e-08,5.781422e-08,3.928209e-08,2.658618e-08,1.792315e-08,1.203559e-08,8.050304e-09,5.363478e-09,3.559303e-09,2.352694e-09,1.54897e-09,1.015765e-09
band_14_srf_lambda=758.4401,758.5027,758.5656,758.6279,758.6914,758.7542,758.8168,758.8793,758.9427,759.0056,759.068,759.1307,759.1939,759.257,759.3193,759.3823,759.4451,759.5085,759.5705,759.6338,759.6965,759.7599,759.8218,759.8853,759.9477,760.0114,760.0729,760.1368,760.199,760.2631,760.3241,760.3883,760.4503,760.5144,760.5755,760.6396,760.7016,760.7659,760.8266,760.8913,760.9528,761.0175,761.078,761.1426,761.2042,761.2688,761.329,761.394,761.4553,761.52,761.5804,761.6454,761.7068,761.7715,761.8315,761.8966,761.9579,762.0227,762.0828,762.1482,762.2094,762.2741,762.334,762.3994,762.4605,762.5256,762.5853,762.6508,762.7119,762.7767,762.8365,762.9021,762.9633,763.0281,763.0878,763.1534,763.2147,763.2797,763.3391,763.4048,763.4661,763.5309,763.5904,763.6563,763.7174,763.7822,763.8416,763.9076,763.9688,764.0336,764.093,764.159,764.2202,764.2849,764.3442,764.4104,764.4716,764.5364,764.5955,764.6616,764.7229,764.7877,764.8466,764.913,764.9743,765.039,765.0979,765.1644,765.2256,765.2905,765.3492,765.4158,765.4771,765.5418,765.6003,765.6672,765.7285,765.7932,765.8517,765.9186,765.9799,766.0444,766.103,766.17,766.2312,766.2958,766.3546,766.4214,766.4825,766.547,766.6059,766.6727,766.7341,766.7984,766.8574,766.9241,766.9854,767.0496,767.1086,767.1755,767.2368,767.3011,767.3601,767.4269,767.4881,767.5524,767.6116,767.6782,767.7396,767.8035,767.8629,767.9296,767.9909,768.0549,768.1144,768.1812,768.2422,768.3061,768.3658,768.4324,768.4937,768.5576,768.6172,768.6839,768.7451,768.8088,768.8686,768.9352,768.9965,769.0602,769.1199,769.1865,769.2479,769.3114,769.3715,769.438,769.4994,769.5627,769.6229,769.6893,769.7507,769.8139,769.8743,769.9408,770.0021,770.0651,770.1257,770.1921,770.2535,770.3165,770.3769,770.4433,770.5048,770.5676,770.6284,770.6946,770.7562,770.8189,770.8796,770.9458
band_14_srf=9.19621e-10,1.46994e-09,2.338101e-09,3.700898e-09,5.829559e-09,9.138099e-09,1.425507e-08,2.21301e-08,3.419014e-08,5.256842e-08,8.043762e-08,1.224911e-07,1.856366e-07,2.799852e-07,4.20262e-07,6.277917e-07,9.332967e-07,1.380792e-06,2.032993e-06,2.978764e-06,4.343323e-06,6.302077e-06,9.099361e-06,1.307348e-05,1.869009e-05,2.658614e-05,3.762789e-05,5.298522e-05,7.422868e-05,0.0001034526,0.0001434306,0.000197811,0.0002713593,0.000370256,0.0005024538,0.0006781176,0.0009101289,0.001214685,0.00161199,0.002127014,0.002790388,0.003639293,0.00471846,0.006081249,0.007790483,0.009919486,0.01255294,0.01578751,0.01973176,0.02450656,0.03024418,0.03708728,0.04518683,0.05469995,0.06578607,0.07860317,0.09330312,0.1100247,0.1288891,0.1499927,0.173399,0.1991343,0.2271815,0.257475,0.2898972,0.3242755,0.360385,0.3979429,0.4366299,0.4760782,0.5158935,0.5556642,0.5949655,0.633387,0.6705378,0.7060571,0.7396344,0.7710144,0.8000043,0.8264865,0.8504073,0.8717777,0.8906799,0.9072462,0.9216501,0.9340974,0.9448117,0.9540145,0.9619228,0.9687365,0.9746271,0.9797392,0.9841964,0.9880657,0.9913937,0.9941844,0.9964531,0.9981677,0.9993249,0.9999174,0.9999214,0.9993697,0.9982418,0.9965501,0.9943163,0.9915497,0.9882542,0.9844075,0.9799631,0.9748552,0.9689737,0.9621748,0.9542832,0.9451008,0.9344085,0.921981,0.9075922,0.8910386,0.8721449,0.8507805,0.8268645,0.8003829,0.7713895,0.7400032,0.7064164,0.670885,0.6337206,0.5952808,0.5559601,0.5161723,0.4763364,0.4368673,0.3981606,0.3605814,0.3244537,0.2900557,0.2576146,0.2273021,0.1992368,0.1734854,0.1500637,0.1289467,0.1100701,0.09333834,0.07862965,0.06580503,0.05471323,0.0451958,0.03709297,0.03024753,0.02450826,0.01973243,0.0157875,0.01255253,0.009918793,0.007789691,0.006080464,0.004717771,0.003638714,0.002789946,0.002126699,0.001611782,0.001214572,0.0009100778,0.0006781094,0.0005024728,0.00037029,0.0002714037,0.0001978594,0.0001434791,0.0001034992,7.427121e-05,5.302247e-05,3.765939e-05,2.661229e-05,1.871127e-05,1.309035e-05,9.112603e-06,6.312311e-06,4.351143e-06,2.984673e-06,2.037401e-06,1.384051e-06,9.356851e-07,6.295259e-07,4.2151e-07,2.808768e-07,1.862685e-07,1.229359e-07,8.074834e-08,5.278396e-08,3.433857e-08,2.223168e-08,1.432412e-08,9.184714e-09,5.860836e-09,3.721754e-09,2.351918e-09,1.479036e-09,9.255764e-10
band_15_srf_lambda=762.1967,762.2531,762.3105,762.3639,762.4243,762.4783,762.5372,762.5903,762.6492,762.7048,762.7625,762.8185,762.8737,762.9332,762.9875,763.0462,763.0986,763.1587,763.2132,763.2719,763.3264,763.3831,763.4414,763.4969,763.5549,763.6071,763.6681,763.7223,763.7809,763.8345,763.8928,763.9495,764.0059,764.0632,764.1167,764.1773,764.2313,764.2902,764.343,764.402,764.4578,764.5157,764.5712,764.6263,764.6861,764.7405,764.7989,764.8513,764.9115,764.9664,765.0247,765.0791,765.1362,765.1943,765.2498,765.3076,765.36,765.4207,765.4754,765.5338,765.5874,765.6456,765.7025,765.759,765.8159,765.8697,765.9302,765.9844,766.043,766.0957,766.1549,766.2107,766.2687,766.3238,766.379,766.4389,766.4935,766.5516,766.604,766.6643,766.7195,766.7776,766.8318,766.889,766.9471,767.0027,767.0604,767.1131,767.1736,767.2285,767.2867,767.3401,767.3984,767.4553,767.5122,767.5684,767.6226,767.6829,767.7375,767.7957,767.8483,767.9077,767.9635,768.0214,768.0764,768.132,768.1918,768.2467,768.3043,768.3566,768.4172,768.4725,768.5305,768.5845,768.642,768.7,768.7555,768.813,768.866,768.9263,768.9816,769.0396,769.0927,769.1511,769.2081,769.2653,769.3212,769.3752,769.4357,769.4907,769.5484,769.601,769.6604,769.7165,769.7744,769.829,769.8851,769.9447,769.9996,770.057,770.1096,770.1699,770.2256,770.2833,770.3371,770.3947,770.4528,770.5088,770.5657,770.6191,770.6791,770.7346,770.7925,770.8454,770.9039,770.9609,771.0183,771.0737,771.1282,771.1884,771.2438,771.3012,771.3537,771.4131,771.4697,771.5273,771.5818,771.6381,771.6973,771.7527,771.8099,771.8626,771.9225,771.9787,772.0363,772.0898,772.1475,772.2057,772.262,772.3182,772.3719,772.4319,772.4877,772.5453,772.598,772.6567,772.7139,772.7712,772.8264,772.8814,772.9412,772.9967,773.0539,773.1063,773.166,773.2227,773.28,773.3344,773.3909,773.45
band_15_srf=1.009001e-09,1.538202e-09,2.335688e-09,3.53268e-09,5.322145e-09,7.98666e-09,1.193839e-08,1.777581e-08,2.636399e-08,3.894861e-08,5.731578e-08,8.401603e-08,1.226745e-07,1.784243e-07,2.585008e-07,3.730596e-07,5.362951e-07,7.679526e-07,1.095385e-06,1.55632e-06,2.202546e-06,3.104852e-06,4.35955e-06,6.097052e-06,8.493172e-06,1.178374e-05,1.62837e-05,2.241141e-05,3.071989e-05,4.193679e-05,5.701387e-05,7.719027e-05,0.0001040705,0.0001397208,0.0001867864,0.0002486359,0.0003295403,0.0004348687,0.000571333,0.0007472802,0.0009730228,0.001261221,0.001627304,0.002089981,0.002671743,0.003399435,0.004304871,0.005425449,0.006804745,0.008493255,0.01054876,0.013037,0.01603186,0.01961573,0.02387937,0.02892179,0.03484935,0.0417752,0.04981753,0.05909841,0.06974074,0.08186625,0.09559198,0.1110273,0.1282691,0.1473987,0.1684781,0.1915441,0.2166058,0.2436406,0.2725933,0.3033699,0.3358386,0.3698324,0.4051462,0.4415406,0.4787469,0.5164725,0.5544023,0.592213,0.6295775,0.6661726,0.701685,0.7358289,0.7683414,0.7990006,0.8276138,0.8540449,0.8781946,0.9000054,0.9194653,0.9366075,0.9514788,0.9641694,0.9747722,0.9833961,0.9901391,0.9951013,0.9983597,0.9999605,0.9999415,0.9983019,0.9950196,0.9900342,0.9832699,0.9746315,0.9640127,0.9513071,0.9364234,0.9192839,0.8998207,0.8780192,0.8538848,0.8274707,0.798876,0.7682391,0.7357407,0.7016137,0.6661144,0.6295341,0.592182,0.5543809,0.5164599,0.4787428,0.4415412,0.4051505,0.3698397,0.3358463,0.3033777,0.272601,0.2436476,0.2166105,0.1915463,0.1684786,0.1473975,0.1282657,0.111022,0.09558553,0.0818585,0.06973208,0.05908915,0.04980794,0.04176548,0.0348396,0.02891226,0.02387026,0.0196071,0.0160238,0.01302954,0.010542,0.008487155,0.00679931,0.00542063,0.004300664,0.003395781,0.002668589,0.00208728,0.00162501,0.00125929,0.0009714281,0.0007459805,0.0005702936,0.0004340488,0.0003289023,0.0002481437,0.0001864067,0.000139432,0.0001038532,7.702808e-05,5.68938e-05,4.184883e-05,3.065609e-05,2.236537e-05,1.625088e-05,1.176048e-05,8.476852e-06,6.085731e-06,4.351788e-06,3.099606e-06,2.199052e-06,1.554036e-06,1.093925e-06,7.670374e-07,5.357381e-07,3.727339e-07,2.583182e-07,1.783291e-07,1.226313e-07,8.400221e-08,5.731797e-08,3.895817e-08,2.63762e-08,1.778817e-08,1.194944e-08,7.99583e-09,5.329346e-09,3.538131e-09,2.339709e-09,1.541103e-09,1.011068e-09
band_16_srf_lambda=767.2054,767.3245,767.4451,767.5643,767.6848,767.8036,767.9229,768.0427,768.1608,768.281,768.3989,768.5198,768.6368,768.7574,768.8741,768.9961,769.1124,769.235,769.3521,769.4736,769.5916,769.7128,769.8314,769.9527,770.0713,770.1923,770.3109,770.4306,770.55,770.6687,770.7888,770.9066,771.0274,771.1448,771.2662,771.3821,771.504,771.6205,771.7429,771.8591,771.9818,772.0986,772.2205,772.3384,772.4601,772.5782,772.6998,772.8179,772.9384,773.0572,773.1766,773.2961,773.4143,773.5352,773.6526,773.7738,773.8907,774.0122,774.1285,774.2509,774.3666,774.4899,774.6056,774.7286,774.8454,774.9677,775.0851,775.2073,775.325,775.4462,775.5644,775.6844,775.8034,775.9223,776.0424,776.1605,776.2813,776.3984,776.5202,776.6368,776.7589,776.8748,776.9977,777.1131,777.2367,777.3525,777.4756,777.5922,777.7148,777.832,777.9537,778.0718,778.1921,778.3107,778.4302,778.5497,778.6683,778.7888,778.9064,779.0278,779.1447,779.2668,779.3831,779.5057,779.6212,779.7447,779.8597,779.9835,780.0992,780.2225,780.339,780.4613,780.5787,780.7,780.8178,780.938,781.0571,781.1762,781.2961,781.4141,781.5353,781.6526,781.7745,781.8909,782.0137,782.1293,782.2526,782.3676,782.4917,782.6061,782.7305,782.8459,782.9689,783.0856,783.2076,783.3251,783.4459,783.5642,783.6843,783.8034,783.922,784.0425,784.1604,784.282,784.3988,784.5212,784.637,784.7606,784.8757,784.9995,785.1141,785.2385,785.353,785.4767,785.5928,785.7153,785.8325,785.9537,786.0715,786.1919,786.3107,786.4299,786.5496,786.6684,786.7893,786.9068,787.0287,787.145,787.2678,787.3838,787.5076,787.6223,787.7465,787.8605,787.9847,788.0998,788.2228,788.3394,788.4615,788.5787,788.6997,788.8179,788.9379,789.0569,789.1761,789.2966,789.4147,789.536,789.6529,789.7753,789.8912,790.0151,790.1306,790.2544,790.3687,790.4926,790.6071,790.731,790.8466,790.9692
band_16_srf=9.254724e-10,2.243542e-09,5.344094e-09,1.25087e-08,2.877346e-08,6.504971e-08,1.445406e-07,3.156696e-07,6.775959e-07,1.429541e-06,2.964082e-06,6.039587e-06,1.209118e-05,2.377748e-05,4.591944e-05,8.706407e-05,0.0001620175,0.0002958061,0.0005296758,0.0009298209,0.001599546,0.002695385,0.004447227,0.007181638,0.01134618,0.01753072,0.02648007,0.03908993,0.05637744,0.07942113,0.1092621,0.146773,0.192502,0.2465169,0.3082738,0.3765383,0.4494093,0.5244327,0.5988229,0.66977,0.7347702,0.7919242,0.8401515,0.879261,0.9098704,0.9331907,0.9507237,0.9639523,0.974094,0.9819695,0.9880052,0.992336,0.9950091,0.9961373,0.9960183,0.9951349,0.9940701,0.9933727,0.9933887,0.9941728,0.9954908,0.9969063,0.9979388,0.9982376,0.9977047,0.9965361,0.9951345,0.9939959,0.9935199,0.9938778,0.9949421,0.9963508,0.997609,0.9982939,0.9981501,0.9972422,0.9958892,0.9945564,0.9937263,0.9936712,0.9944215,0.9957235,0.9971136,0.9981118,0.9983867,0.9978232,0.9966283,0.9952176,0.9940918,0.9936359,0.9940095,0.9950823,0.9964779,0.9977028,0.99832,0.9981009,0.9971114,0.9956815,0.9942995,0.9934204,0.9933417,0.9940898,0.9953951,0.9967893,0.9978045,0.9980849,0.9975436,0.9963901,0.9950212,0.993915,0.9934616,0.9938157,0.9948266,0.9961339,0.9972425,0.997754,0.9974474,0.9963915,0.9949329,0.9935293,0.9926507,0.9925467,0.9932246,0.994407,0.995636,0.99645,0.9965117,0.9957711,0.9944416,0.9929453,0.9917664,0.9912739,0.9916036,0.9925926,0.9938567,0.9949105,0.9953477,0.9949676,0.9938603,0.9923647,0.9909542,0.9900567,0.9899108,0.9904671,0.9913872,0.9921336,0.9921346,0.9909027,0.98814,0.9837214,0.9776025,0.9696308,0.9593828,0.9460452,0.9284062,0.9050057,0.8743529,0.8352624,0.7871267,0.7301444,0.665397,0.5947732,0.5207687,0.4461707,0.3737431,0.3059187,0.2445832,0.1909521,0.1455621,0.1083395,0.07873576,0.05588103,0.03873919,0.02623868,0.01736866,0.01124007,0.007113922,0.004405085,0.002669823,0.001584431,0.000921116,0.0005247953,0.0002931429,0.0001606056,8.633738e-05,4.555617e-05,2.360202e-05,1.20096e-05,6.003333e-06,2.948701e-06,1.423359e-06,6.752955e-07,3.149229e-07,1.443651e-07,6.505422e-08,2.881523e-08,1.254507e-08,5.368114e-09,2.257539e-09,9.329817e-10
band_17_srf_lambda=851.0482,851.1969,851.3404,851.4853,851.6321,851.7727,851.9209,852.0596,852.2081,852.3528,852.4966,852.6439,852.7836,852.9315,853.073,853.2196,853.3651,853.5078,853.6552,853.7941,853.9424,854.0857,854.2311,854.377,854.5187,854.6664,854.8047,854.9541,855.098,855.2423,855.389,855.5293,855.6774,855.8177,855.9658,856.1102,856.2534,856.4005,856.54,856.6881,856.8309,856.9772,857.1218,857.2649,857.4118,857.5505,857.6998,857.8434,857.9885,858.1339,858.2755,858.4229,858.5625,858.712,858.8557,858.9992,859.1458,859.2861,859.4338,859.5761,859.7235,859.8672,860.0105,860.157,860.2966,860.4451,860.5888,860.7347,860.8787,861.0215,861.168,861.3076,861.4578,861.6011,861.7453,861.8908,862.0321,862.1792,862.3207,862.4698,862.6128,862.7562,862.9023,863.0427,863.1901,863.3341,863.4811,863.6241,863.7676,863.9135,864.053,864.2031,864.3465,864.4917,864.6358,864.7783,864.9246,865.0653,865.2158,865.3584,865.5024,865.6476,865.7888,865.9356,866.0789,866.2274,866.3696,866.5134,866.6589,866.7991,866.9474,867.0919,867.2381,867.3809,867.5244,867.6699,867.8104,867.9609,868.1039,868.2487,868.3928,868.5348,868.681,868.8234,868.9736,869.1153,869.2593,869.4041,869.5452,869.692,869.8367,869.9844,870.1265,870.2704,870.4153,870.5559,870.7054,870.8495,870.9951,871.1381,871.281,871.4261,871.5682,871.7189,871.861,872.0057,872.1497,872.2914,872.4373,872.5815,872.7309,872.8723,873.0165,873.1608,873.3016,873.45,873.5946,873.7416,873.8834,874.0273,874.1715,874.3133,874.4634,874.6066,874.7521,874.8951,875.0378,875.1826,875.3264,875.4762,875.6179,875.7628,875.9066,876.0478,876.1946,876.3395,876.4874,876.6292,876.7735,876.9174,877.0588,877.2078,877.3519,877.4985,877.6406,877.7842,877.9281,878.0712,878.2211,878.3636,878.509,878.652,878.7943,878.9396,879.0844,879.2329,879.3749,879.5197,879.6631,879.8046
band_17_srf=1.192493e-09,3.404226e-09,9.482703e-09,2.577971e-08,6.841012e-08,1.772145e-07,4.481543e-07,1.106323e-06,2.665626e-06,6.267226e-06,1.437346e-05,3.214128e-05,7.004059e-05,0.000148645,0.0003070194,0.000616699,0.001203744,0.002281416,0.004195073,0.007478273,0.01291429,0.02158955,0.03491781,0.05460611,0.08253258,0.1205165,0.1699845,0.2315742,0.3047594,0.3875983,0.4767359,0.5677124,0.6555788,0.7356992,0.8045548,0.8603052,0.9029579,0.9340671,0.9560951,0.9716303,0.9827556,0.9907286,0.9960902,0.9990158,0.9997421,0.9988437,0.9972304,0.9958668,0.9954137,0.9959746,0.9970993,0.9980005,0.9980053,0.9968952,0.9949895,0.9930198,0.9917471,0.9915784,0.9923614,0.9934659,0.9941022,0.993709,0.9922597,0.9902448,0.9884501,0.9875427,0.9877447,0.988719,0.989738,0.9900512,0.9892622,0.9875502,0.9855248,0.9839844,0.9834646,0.9839932,0.985067,0.9859076,0.9858508,0.9846985,0.9827906,0.9808595,0.979637,0.979508,0.9802962,0.9813697,0.9819453,0.9815034,0.9800254,0.9780267,0.976263,0.9753901,0.9755842,0.9764811,0.9773653,0.9775118,0.9765477,0.9746622,0.972498,0.970809,0.9700921,0.9703665,0.9711123,0.9715656,0.9711077,0.9695738,0.9673281,0.9650917,0.9635766,0.9631348,0.9635723,0.9642472,0.9644116,0.9635629,0.9617196,0.95939,0.9573351,0.9561767,0.9560856,0.9566743,0.9572389,0.9570762,0.955852,0.9537699,0.9514628,0.9496773,0.9488953,0.9490937,0.9497492,0.9501193,0.949594,0.9480281,0.945792,0.9435997,0.9421356,0.9417193,0.9421436,0.9427723,0.9428722,0.9419745,0.9401177,0.937822,0.9358232,0.9347168,0.934637,0.9352011,0.9357103,0.9354835,0.9342204,0.9321287,0.9298415,0.9280589,0.9272122,0.9272011,0.9274176,0.9269624,0.925019,0.9210547,0.9148424,0.9062249,0.8947047,0.8791249,0.8576097,0.8278264,0.7875817,0.7355132,0.6716695,0.5977733,0.5170547,0.433731,0.3522888,0.2767493,0.21012,0.154122,0.1091966,0.07473446,0.04941912,0.0315848,0.01951961,0.01167112,0.006755813,0.003788497,0.002059708,0.001086509,0.0005565425,0.0002770467,0.0001341352,6.321171e-05,2.901524e-05,1.298094e-05,5.663438e-06,2.410719e-06,1.001526e-06,4.061949e-07,1.608529e-07,6.219665e-08,2.348215e-08,8.655542e-09,3.114355e-09,1.093634e-09
band_18_srf_lambda=874.8063,874.9034,875.0007,875.0917,875.186,875.2803,875.3751,875.4717,875.5604,875.6572,875.7542,875.8457,875.9399,876.0339,876.129,876.226,876.3143,876.411,876.5078,876.5999,876.694,876.7875,876.8826,876.9802,877.0685,877.1646,877.2614,877.354,877.4484,877.5411,877.6365,877.7343,877.8228,877.9186,878.015,878.1082,878.2027,878.2946,878.3902,878.4883,878.577,878.6725,878.7684,878.8622,878.9569,879.048,879.1439,879.2421,879.3314,879.4263,879.5221,879.6159,879.7111,879.8013,879.8977,879.9958,880.0854,880.1804,880.2758,880.3698,880.4651,880.555,880.6516,880.7494,880.8395,880.9343,881.0295,881.1236,881.2193,881.3089,881.4054,881.5032,881.5936,881.6882,881.7829,881.8774,881.9734,882.0629,882.1591,882.2568,882.3477,882.442,882.5366,882.6311,882.7274,882.817,882.9129,883.0106,883.1019,883.1963,883.2902,883.3849,883.4817,883.5712,883.6669,883.764,883.856,883.9506,884.0437,884.1387,884.2357,884.3254,884.421,884.5176,884.61,884.7047,884.7972,884.8923,884.9899,885.0796,885.1751,885.2713,885.3641,885.4589,885.5507,885.6461,885.7437,885.8336,885.929,886.0248,886.118,886.2128,886.3041,886.3998,886.4974,886.5876,886.6829,886.7785,886.8719,886.9669,887.058,887.1536,887.2512,887.3416,887.4368,887.5321,887.6258,887.721,887.8119,887.9073,888.005,888.0957,888.1907,888.2857,888.3795,888.4751,888.5659,888.6614,888.7587,888.8498,888.9446,889.0391,889.1334,889.2291,889.3201,889.4153,889.5123,889.6038,889.6989,889.7927,889.887,889.9833,890.0743,890.1694,890.2658,890.358,890.4531,890.5463,890.6409,890.7374,890.8284,890.9235,891.0195,891.1121,891.2072,891.2997,891.3946,891.4916,891.5823,891.6776,891.773,891.866,891.9611,892.0533,892.1483,892.2453,892.3362,892.4316,892.5265,892.62,892.7151,892.8069,892.902,892.9991,893.0903,893.1854,893.2803,893.3738,893.4691,893.561
band_18_srf=1.295907e-09,2.566907e-09,5.031964e-09,9.763014e-09,1.874883e-08,3.563931e-08,6.706036e-08,1.249096e-07,2.303177e-07,4.203976e-07,7.596053e-07,1.358617e-06,2.405293e-06,4.214698e-06,7.309002e-06,1.254282e-05,2.129716e-05,3.577476e-05,5.944147e-05,9.767487e-05,0.0001587,0.000254907,0.0004046746,0.0006348293,0.0009838633,0.001506068,0.002276606,0.003397552,0.005004775,0.007275298,0.01043455,0.01476276,0.02059928,0.02834326,0.03844965,0.05141803,0.06777422,0.08804241,0.1127098,0.1421822,0.1767378,0.2164782,0.2612853,0.3107913,0.3643592,0.421094,0.4798751,0.5394104,0.5983207,0.6552278,0.7088643,0.7581604,0.8023256,0.8408951,0.8737447,0.9010721,0.9233364,0.9411757,0.9553293,0.9665224,0.9753984,0.982484,0.988133,0.9925714,0.9959046,0.998181,0.9994509,0.9997834,0.9993336,0.9983222,0.9969994,0.9956488,0.9945146,0.9937631,0.9934587,0.9935539,0.9939103,0.9943244,0.9945663,0.9944587,0.9938909,0.9928526,0.9914392,0.9898243,0.9882302,0.9868704,0.9859063,0.9854147,0.9853756,0.9856434,0.9860365,0.9863271,0.9863181,0.9858723,0.9849547,0.9836302,0.9820571,0.9804429,0.9790075,0.97793,0.9773129,0.9771504,0.9773456,0.977715,0.9780396,0.9781135,0.9777857,0.9769961,0.9757801,0.974261,0.972649,0.9711633,0.9699847,0.969245,0.9689699,0.9690811,0.9694156,0.9697655,0.9699225,0.9697092,0.9690409,0.9679207,0.966467,0.9648489,0.9632883,0.9619771,0.9610615,0.9605721,0.9604555,0.9605415,0.9605976,0.9603586,0.9595764,0.9580442,0.9556227,0.9522393,0.9478518,0.9424156,0.9358366,0.9279081,0.9182882,0.9064964,0.8919258,0.8738982,0.8517367,0.8248519,0.7928292,0.7555057,0.7130181,0.665819,0.614672,0.5605903,0.5047719,0.4485088,0.3930905,0.3397153,0.2894228,0.2430289,0.2011121,0.1639979,0.1317773,0.104339,0.08140822,0.06259426,0.04743318,0.0354289,0.02608654,0.01893747,0.01355642,0.009571088,0.006665807,0.004580434,0.00310607,0.002079039,0.001373903,0.0008965801,0.0005779114,0.0003680203,0.0002315884,0.0001440432,8.857108e-05,5.38521e-05,3.238233e-05,1.926126e-05,1.133456e-05,6.599783e-06,3.802898e-06,2.16874e-06,1.224178e-06,6.840021e-07,3.783248e-07,2.07149e-07,1.122831e-07,6.025034e-08,3.200446e-08,1.682884e-08,8.759327e-09,4.512725e-09,2.301094e-09,1.161251e-09
band_19_srf_lambda=889.8129,889.9084,890.0055,890.0959,890.1919,890.2863,890.3796,890.4753,890.5669,890.6626,890.7594,890.85,890.9459,891.0399,891.1338,891.2297,891.3212,891.4167,891.5131,891.6042,891.7,891.7936,891.8878,891.9838,892.0753,892.1707,892.267,892.3584,892.4543,892.5474,892.6418,892.738,892.8294,892.9249,893.0208,893.1126,893.2084,893.3011,893.3958,893.4922,893.5835,893.6792,893.7746,893.8667,893.9625,894.0547,894.1499,894.2465,894.3377,894.4333,894.5283,894.621,894.7168,894.8088,894.9041,895.0007,895.0919,895.1874,895.2819,895.3751,895.4709,895.5629,895.6583,895.7546,895.846,895.9415,896.0358,896.1292,896.2251,896.317,896.4124,896.5087,896.6001,896.6957,896.7895,896.8832,896.9792,897.0712,897.1664,897.2626,897.3542,897.4498,897.543,897.6371,897.7334,897.8253,897.9206,898.0165,898.1085,898.2039,898.2968,898.3912,898.4875,898.5795,898.6747,898.7702,898.8626,898.9583,899.0504,899.1456,899.2418,899.3336,899.4288,899.524,899.6168,899.7123,899.8041,899.8996,899.996,900.0878,900.1829,900.2778,900.3708,900.4664,900.5581,900.6539,900.7501,900.842,900.937,901.0316,901.1249,901.2207,901.3123,901.408,901.5042,901.5961,901.6911,901.7852,901.8789,901.9748,902.0664,902.1622,902.2581,902.3503,902.4451,902.5389,902.6331,902.7288,902.8207,902.9163,903.012,903.1044,903.1994,903.2925,903.387,903.483,903.575,903.6703,903.7659,903.8586,903.9537,904.0463,904.1409,904.2373,904.3293,904.4245,904.5197,904.6127,904.7079,904.8,904.8953,904.9915,905.0836,905.1785,905.2735,905.3668,905.4622,905.5536,905.6495,905.7455,905.8378,905.9326,906.0273,906.1208,906.2163,906.3073,906.4036,906.4996,906.5921,906.6866,906.781,906.8748,906.9702,907.0612,907.1579,907.2537,907.3462,907.4407,907.5349,907.6288,907.7245,907.8152,907.912,908.0077,908.1003,908.1948,908.2885,908.3831,908.4786,908.5696
band_19_srf= 1.301476e-09,2.577282e-09,5.05112e-09,9.798084e-09,1.881259e-08,3.575435e-08,6.72673e-08,1.252806e-07,2.30981e-07,4.215815e-07,7.617219e-07,1.362396e-06,2.412033e-06,4.226709e-06,7.330344e-06,1.258058e-05,2.136364e-05,3.589084e-05,5.964249e-05,9.801968e-05,0.0001592833,0.000255882,0.0004062831,0.0006374423,0.000988049,0.001512661,0.002286819,0.003413121,0.005028095,0.007309615,0.01048419,0.01483327,0.0206976,0.02847793,0.03863059,0.05165674,0.06808297,0.08843449,0.1131974,0.1427777,0.1774506,0.2173145,0.2622472,0.3118755,0.365557,0.4223917,0.4812514,0.5408423,0.5997816,0.6566896,0.710299,0.759546,0.8036425,0.842127,0.8748829,0.9021119,0.924277,0.9420211,0.9560793,0.9671822,0.9759744,0.9829727,0.9885367,0.9928893,0.9961271,0.9983137,0.999487,0.9997227,0.9991856,0.9980851,0.9966913,0.9952638,0.9940616,0.9932384,0.9928594,0.9928821,0.9931554,0.9934818,0.9936401,0.9934416,0.9927819,0.9916544,0.9901621,0.98847,0.9868071,0.9853816,0.9843492,0.9837879,0.9836726,0.9838651,0.984174,0.9843752,0.9842738,0.9837373,0.9827293,0.9813219,0.9796692,0.9779835,0.9764787,0.9753351,0.9746478,0.9744121,0.9745251,0.9748073,0.9750395,0.9750142,0.9745753,0.9736566,0.9723075,0.9706605,0.9689109,0.9672654,0.9659183,0.964982,0.9644769,0.9643418,0.9644151,0.9644869,0.9643399,0.9638147,0.9628283,0.9613967,0.9596353,0.957729,0.9558951,0.9543338,0.9531811,0.9524785,0.9521565,0.9520475,0.9519125,0.951489,0.9505213,0.9488097,0.9462167,0.9426721,0.9381436,0.932593,0.9259267,0.9179512,0.908327,0.8965816,0.8821145,0.8642504,0.8423172,0.8157248,0.784057,0.7471516,0.7051349,0.658456,0.6078652,0.5543665,0.4991461,0.4434826,0.388652,0.3358453,0.2860876,0.2401925,0.1987295,0.1620224,0.1301599,0.1030317,0.08036565,0.06177318,0.04679479,0.03493904,0.02571549,0.01866006,0.01335163,0.009421815,0.006558408,0.004504116,0.003052527,0.002041942,0.001348516,0.0008794235,0.0005664573,0.0003604642,0.0002266637,0.0001408715,8.65518e-05,5.25816e-05,3.159205e-05,1.877526e-05,1.1039e-05,6.42206e-06,3.697216e-06,2.10658e-06,1.18802e-06,6.631976e-07,3.664842e-07,2.004826e-07,1.085705e-07,5.820487e-08,3.088957e-08,1.62277e-08,8.438708e-09,4.343568e-09,2.212812e-09,1.115687e-09
band_20_srf_lambda=924.8607,925.0078,925.152,925.2953,925.438,925.5828,925.7299,925.8741,926.0204,926.164,926.3063,926.4509,926.5948,926.7429,926.8877,927.0326,927.1755,927.3181,927.4646,927.6085,927.756,927.9006,928.044,928.1869,928.3307,928.478,928.6219,928.7688,928.913,929.0549,929.1994,929.343,929.491,929.6357,929.781,929.9244,930.0663,930.2125,930.3563,930.5042,930.649,930.7927,930.9357,931.079,931.2262,931.3698,931.5171,931.6616,931.8038,931.948,932.0911,932.2393,932.3835,932.5295,932.6734,932.8148,932.9607,933.1041,933.2524,933.397,933.5413,933.6846,933.8271,933.9744,934.1179,934.2656,934.4099,934.5524,934.6964,934.8395,934.9875,935.1315,935.2779,935.4223,935.5636,935.7092,935.852,936.0007,936.145,936.2899,936.4337,936.5754,936.7227,936.8657,937.0137,937.1581,937.301,937.4452,937.5878,937.7359,937.8794,938.0264,938.1706,938.3121,938.4578,938.5999,938.7487,938.8931,939.0384,939.1824,939.3236,939.471,939.6138,939.7619,939.9062,940.0498,940.1942,940.3362,940.4843,940.6274,940.7747,940.9188,941.0607,941.2061,941.3482,941.4973,941.6409,941.7867,941.9308,942.072,942.2194,942.362,942.5101,942.6543,942.7985,942.9427,943.0845,943.2328,943.3757,943.5231,943.6669,943.8095,943.9546,944.0966,944.2457,944.3892,944.5353,944.6791,944.8206,944.9676,945.11,945.2587,945.4025,945.5469,945.6911,945.8326,945.981,946.1238,946.2714,946.4155,946.5581,946.7026,946.8448,946.994,947.1374,947.284,947.4279,947.5692,947.7158,947.8578,948.007,948.1508,948.2956,948.4398,948.5807,948.7291,948.8717,949.0197,949.1639,949.3069,949.4515,949.593,949.7422,949.8853,950.0323,950.1765,950.3178,950.4645,950.6056,950.7551,950.8986,951.0441,951.1886,951.3288,951.4771,951.6198,951.7681,951.9124,952.0555,952.2002,952.3415,952.4904,952.6333,952.7807,952.9252,953.0664,953.2128,953.3534,953.5033,953.6466
band_20_srf= 1.246659e-09,3.549858e-09,9.864916e-09,2.676053e-08,7.08753e-08,1.832938e-07,4.628853e-07,1.141447e-06,2.748116e-06,6.458037e-06,1.480802e-05,3.311468e-05,7.218095e-05,0.0001532544,0.0003167195,0.000636595,0.001243421,0.002358168,0.004338801,0.007738353,0.01336824,0.02235279,0.0361524,0.05652493,0.08539576,0.1246142,0.1756058,0.2389602,0.3140481,0.3987778,0.4896077,0.5818921,0.6705322,0.7508106,0.8192114,0.8739899,0.9152895,0.9448301,0.9652089,0.9790916,0.9885881,0.9949399,0.9986635,0.999907,0.9989381,0.9963661,0.9931327,0.9902154,0.9882615,0.9873427,0.9869421,0.9862695,0.9846559,0.9819073,0.9783935,0.974873,0.9721039,0.9704654,0.9697629,0.9693326,0.9683744,0.966358,0.9632974,0.9597188,0.9564203,0.954057,0.9528025,0.9522812,0.9517422,0.950448,0.9480518,0.9447538,0.9412194,0.938224,0.9362755,0.935347,0.9349032,0.9341637,0.9325011,0.9297559,0.9263202,0.922927,0.9202927,0.9187459,0.9180632,0.9175937,0.9165774,0.9145347,0.9115057,0.9080303,0.9048682,0.9026251,0.9014369,0.9009109,0.9003211,0.8989756,0.8965712,0.8933399,0.889936,0.8870958,0.8852932,0.8844752,0.8840996,0.883405,0.8818287,0.8792471,0.8760474,0.8729646,0.870675,0.8694311,0.868978,0.8686742,0.8677884,0.865888,0.863074,0.8599181,0.8571765,0.8554245,0.854763,0.8547671,0.8546988,0.8538734,0.8519979,0.8493192,0.846486,0.8442302,0.8429975,0.8427173,0.8428451,0.8426319,0.8415009,0.839342,0.8365532,0.8338541,0.8319186,0.8310318,0.8309572,0.8310499,0.8305819,0.8291063,0.8266895,0.8238615,0.821365,0.8197711,0.8191991,0.8192555,0.8192309,0.8184599,0.816649,0.814029,0.8112269,0.8089513,0.8076282,0.8071585,0.8069503,0.8061509,0.8039786,0.7999894,0.7940541,0.7861505,0.7759578,0.7625259,0.7441895,0.7188086,0.684318,0.6393815,0.5839493,0.5194993,0.4489049,0.3759477,0.3046516,0.2386174,0.1805159,0.1318501,0.09297131,0.06329364,0.04161296,0.026432,0.01622881,0.009637469,0.005539319,0.003083836,0.001664221,0.0008713104,0.0004429327,0.0002188088,0.0001051239,4.915595e-05,2.238677e-05,9.936042e-06,4.300047e-06,1.815331e-06,7.478279e-07,3.006824e-07,1.180122e-07,4.521398e-08,1.690914e-08,6.171961e-09,2.198379e-09,7.639528e-10
band_21_srf_lambda=995.0215,995.2658,995.5099,995.754,995.998,996.2416,996.4844,996.7291,996.9738,997.2187,997.4636,997.7083,997.9525,998.1968,998.4402,998.6824,998.9266,999.1688,999.415,999.6612,999.9072,1000.153,1000.398,1000.644,1000.89,1001.136,1001.381,1001.627,1001.873,1002.119,1002.365,1002.61,1002.856,1003.101,1003.346,1003.591,1003.835,1004.08,1004.324,1004.567,1004.812,1005.056,1005.301,1005.546,1005.79,1006.035,1006.279,1006.523,1006.767,1007.011,1007.255,1007.498,1007.742,1007.986,1008.23,1008.475,1008.72,1008.964,1009.207,1009.45,1009.695,1009.94,1010.183,1010.427,1010.674,1010.919,1011.165,1011.411,1011.657,1011.903,1012.148,1012.394,1012.64,1012.886,1013.131,1013.377,1013.622,1013.868,1014.113,1014.359,1014.604,1014.849,1015.094,1015.34,1015.584,1015.828,1016.069,1016.314,1016.558,1016.802,1017.046,1017.291,1017.535,1017.779,1018.023,1018.267,1018.51,1018.754,1018.997,1019.239,1019.483,1019.728,1019.973,1020.219,1020.465,1020.711,1020.956,1021.202,1021.447,1021.691,1021.933,1022.179,1022.424,1022.67,1022.915,1023.16,1023.406,1023.651,1023.897,1024.143,1024.389,1024.634,1024.88,1025.125,1025.371,1025.616,1025.861,1026.107,1026.351,1026.596,1026.841,1027.085,1027.329,1027.572,1027.813,1028.058,1028.302,1028.546,1028.79,1029.033,1029.277,1029.52,1029.762,1030.007,1030.251,1030.495,1030.742,1030.988,1031.233,1031.479,1031.725,1031.971,1032.217,1032.463,1032.708,1032.953,1033.197,1033.44,1033.683,1033.928,1034.173,1034.419,1034.664,1034.91,1035.155,1035.401,1035.646,1035.891,1036.137,1036.382,1036.627,1036.872,1037.117,1037.362,1037.607,1037.852,1038.097,1038.341,1038.585,1038.829,1039.072,1039.313,1039.555,1039.798,1040.042,1040.286,1040.531,1040.776,1041.021,1041.266,1041.511,1041.756,1042.001,1042.247,1042.493,1042.739,1042.985,1043.23,1043.475,1043.721
band_21_srf=4.691311e-10,3.020902e-09,1.799695e-08,9.919601e-08,5.058108e-07,2.385574e-06,1.040298e-05,4.192042e-05,0.0001559501,0.0005348062,0.001687012,0.004880681,0.01290372,0.03104929,0.06771341,0.1333287,0.2363329,0.3766024,0.5401163,0.7006076,0.8305573,0.915546,0.9605471,0.9821856,0.9941874,0.9998991,0.9974689,0.988878,0.9809719,0.9780965,0.9771335,0.972014,0.9620294,0.952853,0.9490224,0.9479219,0.9433144,0.9336473,0.9241253,0.919754,0.9186669,0.9146381,0.9053838,0.8956036,0.8906853,0.889533,0.8860438,0.8772569,0.8672892,0.8618216,0.8605273,0.8575298,0.8492547,0.8391771,0.8331627,0.8316568,0.8291039,0.8213753,0.8112575,0.804715,0.8029342,0.8007642,0.7936026,0.7835226,0.7764833,0.774372,0.772514,0.7659325,0.7559674,0.7484664,0.745972,0.7443553,0.7383602,0.7285811,0.7206635,0.7177427,0.7163008,0.7108779,0.7013574,0.6930712,0.6896973,0.688352,0.6834885,0.6742767,0.6656907,0.66184,0.6605189,0.6561804,0.6473411,0.6385148,0.6341775,0.6328059,0.6289597,0.6205347,0.61154,0.6067128,0.6052263,0.6018237,0.5939178,0.5849877,0.580162,0.5792809,0.5773565,0.5711127,0.5635975,0.5599117,0.5604178,0.5602282,0.5556253,0.5488729,0.5450982,0.5454491,0.54556,0.5413774,0.5345782,0.5303339,0.5304188,0.5308353,0.527151,0.5204111,0.5157472,0.5155293,0.516201,0.5130273,0.5064142,0.501362,0.5007956,0.501662,0.4990069,0.4925826,0.4871759,0.4862212,0.4872225,0.4850824,0.4789047,0.473187,0.4718154,0.4728897,0.4712524,0.4653753,0.4593922,0.4575852,0.4586668,0.4575091,0.4519799,0.4457916,0.4435334,0.4445587,0.44385,0.4387183,0.4323805,0.429665,0.4305698,0.4302773,0.4255778,0.4191525,0.4159809,0.4167097,0.416789,0.4125526,0.406099,0.4024878,0.4029855,0.403386,0.3996311,0.3932166,0.3891869,0.3894017,0.3900681,0.3868082,0.3804919,0.3760502,0.3758667,0.3765163,0.3731079,0.3652296,0.356286,0.3467357,0.3300616,0.2973452,0.2460538,0.1834932,0.1223957,0.07286517,0.03880962,0.01858543,0.008055788,0.003179776,0.001148074,0.0003800905,0.0001154673,3.217594e-05,8.217917e-06,1.92227e-06,4.115519e-07,8.061232e-08,1.444093e-08,2.365157e-09,3.540303e-10,4.841304e-11