# OLCI-A band centers, widths and resolutions

[bands]
nbands=21
names=1,2,3,4,5,6,7,8,9,10,11,12,13,14,15,16,17,18,19,20,21
centers=400,412.5,442.5,490,510,560,620,665,673.75,681.25,708.75,753.75,761.25,764.375,767.5,778.75,865,885,900,940,1020
widths=14.01291,9.843024,9.942463,9.991564,9.956553,10.00596,9.938057,9.986597,7.525986,7.527743,10.01254,7.511768,2.635925,3.717238,2.610101,15.01415,19.95473,9.976809,9.964103,19.85738,27.03784
resolutions=300.0,300.0,300.0,300.0,300.0,300.0,300.0,300.0,300.0,300.0,300.0,300.0,300.0,300.0,300.0,300.0,300.0,300.0,300.0,300.0,300.0

[srf]
band_1_srf_lambda=387.7465,387.8646,387.9827,388.1008,388.2189,388.3371,388.4554,388.5738,388.6921,388.8104,388.9289,389.0472,389.1658,389.2844,389.4032,389.522,389.6404,389.7585,389.8766,389.9948,390.1129,390.2311,390.3492,390.4675,390.5858,390.704,390.8222,390.9406,391.059,391.1774,391.296,391.4146,391.5334,391.652,391.7703,391.8887,392.0069,392.125,392.2431,392.3615,392.4798,392.598,392.716,392.8343,392.9526,393.0709,393.1891,393.3076,393.4263,393.5449,393.6635,393.782,393.9002,394.0186,394.137,394.255,394.3734,394.4918,394.6102,394.7283,394.8463,394.9645,395.0829,395.2013,395.3194,395.4378,395.5565,395.675,395.7936,395.912,396.0302,396.1486,396.2668,396.3854,396.5037,396.6221,396.7403,396.8586,396.9768,397.0949,397.2131,397.3315,397.45,397.5684,397.6865,397.8051,397.9237,398.0419,398.1602,398.2785,398.3969,398.5155,398.6339,398.7521,398.8705,398.9889,399.1072,399.2253,399.3435,399.4619,399.5804,399.6986,399.817,399.9354,400.0536,400.1719,400.2902,400.4087,400.5271,400.6454,400.7639,400.8824,401.0007,401.119,401.2374,401.3557,401.474,401.5924,401.7106,401.829,401.9475,402.0658,402.1838,402.3019,402.4203,402.5386,402.657,402.7755,402.8939,403.0124,403.1308,403.2492,403.3676,403.4861,403.6042,403.7226,403.841,403.9595,404.0779,404.196,404.3142,404.4323,404.5503,404.6685,404.787,404.9055,405.0239,405.1424,405.2609,405.3793,405.4979,405.6162,405.7345,405.8529,405.9714,406.0899,406.2082,406.3264,406.4445,406.5626,406.6806,406.7988,406.9171,407.0356,407.154,407.2725,407.3911,407.5096,407.6279,407.7463,407.8648,407.9834,408.1017,408.2201,408.3384,408.4568,408.5749,408.6929,408.8109,408.9292,409.0473,409.1655,409.284,409.4026,409.5212,409.6396,409.758,409.8765,409.995,410.1135,410.2321,410.3505,410.4688,410.5868,410.705,410.8232,410.9413,411.0595,411.1776,411.296
band_1_srf=5.668295e-08,1.090524e-07,2.069014e-07,3.871267e-07,7.143684e-07,1.300147e-06,2.333941e-06,4.132802e-06,7.219293e-06,1.244179e-05,2.115741e-05,3.550529e-05,5.880883e-05,9.615869e-05,0.000155243,0.0002475113,0.0003897816,0.0006064087,0.0009321439,0.00141584,0.002125132,0.003153857,0.004630768,0.006724168,0.009651628,0.01368655,0.01916194,0.02645748,0.03599295,0.04821347,0.06355256,0.08239238,0.1049878,0.131431,0.1615996,0.1951184,0.2313515,0.2694324,0.3083258,0.3469183,0.3841208,0.4189913,0.4508158,0.4791781,0.5039507,0.5252831,0.5435217,0.559119,0.5725379,0.5841769,0.5943498,0.603286,0.6111473,0.6180842,0.6242722,0.6299251,0.6352774,0.6405441,0.6458822,0.6513714,0.6569947,0.6626552,0.6682309,0.6736252,0.6788045,0.6838108,0.6887479,0.6937565,0.6989594,0.7044149,0.7100976,0.7159097,0.7217232,0.7274096,0.7328904,0.7381672,0.7433273,0.7485081,0.7538408,0.7594197,0.765263,0.7713048,0.7774104,0.7834256,0.7892406,0.7948241,0.8002295,0.8055846,0.8110483,0.8167573,0.8227643,0.8290222,0.8354026,0.8417449,0.8478988,0.8537931,0.8594514,0.8649502,0.8704263,0.8760245,0.881812,0.8877689,0.8937746,0.89969,0.9053702,0.9106315,0.9152647,0.9193293,0.9229077,0.9261641,0.9291799,0.932015,0.9347399,0.9372367,0.9394464,0.9412603,0.9426722,0.9438575,0.9450162,0.946355,0.9480333,0.9501165,0.9525412,0.9551531,0.9577328,0.9601014,0.9621458,0.9638935,0.9654589,0.9670492,0.9688476,0.9709754,0.973444,0.9761361,0.9788669,0.9814221,0.9836599,0.9855315,0.9871143,0.9885697,0.9900883,0.9917909,0.9937054,0.9956926,0.9974912,0.9987308,0.9990437,0.9980651,0.9954697,0.9909828,0.984241,0.974795,0.9620308,0.9451436,0.923201,0.8952562,0.8604397,0.8182198,0.7685857,0.712092,0.6498795,0.5835955,0.5152472,0.4469692,0.3808107,0.3185599,0.2616275,0.2109684,0.1670672,0.1299722,0.09937738,0.07471911,0.05527546,0.04025763,0.02888311,0.0204256,0.01424565,0.009803521,0.006659689,0.004467254,0.002959669,0.001936945,0.001252224,0.0007996857,0.000504414,0.0003142091,0.000193257,0.0001173409,7.031867e-05,4.158263e-05,2.425984e-05,1.396114e-05,7.923988e-06,4.435042e-06,2.447558e-06,1.331701e-06,7.143079e-07,3.776925e-07,1.968516e-07,1.011257e-07
band_2_srf_lambda=402.5324,402.6269,402.7208,402.8148,402.9077,403.0022,403.0962,403.19,403.2829,403.3773,403.4713,403.5652,403.6582,403.7525,403.8466,403.9403,404.0334,404.1279,404.2219,404.3154,404.4087,404.5029,404.5972,404.6906,404.7838,404.8782,404.9724,405.0659,405.1591,405.2535,405.3477,405.441,405.5343,405.6287,405.7231,405.8162,405.9095,406.0038,406.0983,406.1912,406.2847,406.3791,406.4734,406.5664,406.66,406.7543,406.8488,406.9416,407.0351,407.1295,407.2239,407.3168,407.4104,407.5047,407.5992,407.692,407.7856,407.88,407.9743,408.0672,408.1608,408.2552,408.3494,408.4424,408.5361,408.6306,408.7246,408.8176,408.9113,409.0058,409.0997,409.1929,409.2864,409.3811,409.4749,409.568,409.6617,409.7563,409.8501,409.9432,410.0369,410.1315,410.2252,410.3185,410.4121,410.5068,410.6003,410.6936,410.7873,410.882,410.9755,411.0688,411.1626,411.2573,411.3506,411.4441,411.5379,411.6325,411.7258,411.8192,411.9131,412.0077,412.101,412.1944,412.2884,412.3829,412.4762,412.5697,412.6637,412.7581,412.8514,412.9449,413.0389,413.1332,413.2266,413.32,413.4142,413.5085,413.6018,413.6953,413.7895,413.8835,413.977,414.0705,414.1648,414.2587,414.3522,414.4457,414.5401,414.6339,414.7275,414.8208,414.9153,415.0091,415.1027,415.196,415.2906,415.3842,415.4779,415.5713,415.6659,415.7593,415.853,415.9465,416.0411,416.1346,416.2282,416.3217,416.4164,416.5097,416.6036,416.6969,416.7917,416.8849,416.9786,417.0722,417.1668,417.2602,417.3539,417.4475,417.542,417.6353,417.7292,417.8226,417.9172,418.0106,418.1044,418.1979,418.2923,418.3857,418.4796,418.5732,418.6676,418.761,418.8548,418.9485,419.0428,419.1362,419.23,419.3236,419.4179,419.5114,419.6051,419.6989,419.7932,419.8866,419.9804,420.0743,420.1683,420.2618,420.3556,420.4495,420.5433,420.6371,420.7308,420.8247,420.9186,421.0122,421.106,421.2
band_2_srf=8.552654e-08,1.453907e-07,2.449345e-07,4.089336e-07,6.766372e-07,1.109612e-06,1.803495e-06,2.905396e-06,4.639428e-06,7.343722e-06,1.15236e-05,1.792708e-05,2.765126e-05,4.229026e-05,6.413975e-05,9.647589e-05,0.0001439329,0.0002130095,0.0003127376,0.0004555633,0.0006584819,0.0009444888,0.001344409,0.001899157,0.002662458,0.003704082,0.005113557,0.007004221,0.009517524,0.01282729,0.01714326,0.02271367,0.02982614,0.03880531,0.05000749,0.06381083,0.08060004,0.1007474,0.1245852,0.1523714,0.1842618,0.2202874,0.2603222,0.3040641,0.3510333,0.4005723,0.4518808,0.5040443,0.5560797,0.6069916,0.6558313,0.7017661,0.7441251,0.7824427,0.8164814,0.8462105,0.8717822,0.8935067,0.9117852,0.9270594,0.9397671,0.9503021,0.9589988,0.9661162,0.9718583,0.9763944,0.9798628,0.9824063,0.984183,0.9853659,0.9861406,0.9866877,0.9871656,0.9876958,0.9883373,0.9891022,0.989947,0.9907905,0.9915415,0.9921203,0.9924771,0.9926116,0.9925575,0.9923965,0.9922326,0.9921654,0.9922733,0.9925925,0.9931129,0.9937825,0.9945102,0.995195,0.9957413,0.9960825,0.9962053,0.9961295,0.9959347,0.9957144,0.9955673,0.995577,0.99579,0.9962077,0.996774,0.9973816,0.9978896,0.9981974,0.9982342,0.997957,0.9973906,0.9965926,0.9956526,0.9947086,0.9938567,0.9931481,0.9925753,0.9920939,0.9916191,0.9910445,0.9902922,0.9892941,0.9880133,0.9864801,0.9847654,0.9829629,0.9811724,0.9794803,0.9779257,0.9765005,0.9751337,0.9737242,0.9721117,0.9701177,0.9675553,0.9642584,0.9600697,0.9548519,0.9484676,0.9407555,0.9315193,0.9205059,0.9073945,0.8918036,0.8733169,0.8515152,0.8260169,0.7965388,0.762934,0.7252394,0.6836938,0.6387428,0.5910291,0.5413495,0.4906121,0.4397815,0.3898079,0.3415811,0.2958799,0.2533343,0.2144037,0.1793724,0.148358,0.1213291,0.09813053,0.07850964,0.06214832,0.04869001,0.03776418,0.02900591,0.02206966,0.01663929,0.01243447,0.009212675,0.00676882,0.004932822,0.003566141,0.002557847,0.001820372,0.001285517,0.000900807,0.0006263492,0.0004321287,0.000295797,0.0002008722,0.0001353177,9.041725e-05,5.991898e-05,3.937744e-05,2.565999e-05,1.657858e-05,1.061889e-05,6.742409e-06,4.243458e-06,2.647073e-06,1.636539e-06,1.002719e-06,6.088409e-07,3.663413e-07,2.184284e-07,1.290513e-07,7.554981e-08
band_3_srf_lambda=433.5886,433.6833,433.778,433.8708,433.9648,434.0595,434.1542,434.2471,434.341,434.4358,434.5304,434.6233,434.7172,434.812,434.9067,434.9995,435.0934,435.1881,435.2829,435.3759,435.4696,435.5644,435.6591,435.7521,435.8457,435.9405,436.0353,436.1283,436.222,436.3167,436.4115,436.5048,436.5982,436.6929,436.7878,436.8809,436.9744,437.0691,437.1641,437.2571,437.3506,437.4454,437.5402,437.6334,437.7269,437.8216,437.9166,438.0097,438.1031,438.1978,438.2927,438.386,438.4793,438.5741,438.6691,438.7622,438.8555,438.9503,439.0452,439.1384,439.2318,439.3266,439.4214,439.5147,439.6082,439.7027,439.7977,439.891,439.9843,440.079,440.1739,440.2672,440.3606,440.4553,440.5502,440.6435,440.7369,440.8315,440.9265,441.0197,441.1131,441.2077,441.3026,441.396,441.4894,441.584,441.6789,441.7722,441.8658,441.9602,442.055,442.1486,442.2419,442.3365,442.4312,442.5247,442.6183,442.7127,442.8074,442.9011,442.9944,443.089,443.1836,443.2772,443.3708,443.4651,443.5597,443.6535,443.7469,443.8414,443.9359,444.0297,444.1233,444.2175,444.3121,444.406,444.4995,444.5938,444.6883,444.7822,444.8758,444.97,445.0645,445.1585,445.2521,445.3463,445.4407,445.5347,445.6282,445.7224,445.817,445.911,446.0045,446.0987,446.1932,446.2872,446.3809,446.475,446.5695,446.6635,446.7571,446.8512,446.9456,447.0397,447.1333,447.2274,447.322,447.416,447.5096,447.6035,447.698,447.7922,447.8858,447.9799,448.0744,448.1684,448.2622,448.356,448.4505,448.5446,448.6383,448.7323,448.8267,448.9209,449.0146,449.1084,449.203,449.2971,449.3908,449.4846,449.5793,449.6733,449.7671,449.8609,449.9554,450.0493,450.1435,450.2372,450.3316,450.4256,450.5197,450.6134,450.7079,450.8018,450.8959,450.9897,451.0841,451.1781,451.2721,451.366,451.4603,451.5543,451.6484,451.7422,451.8365,451.9305,452.0247,452.1186,452.2127,452.3068
band_3_srf=6.274304e-08,1.085469e-07,1.860123e-07,3.157569e-07,5.309626e-07,8.844861e-07,1.45967e-06,2.386594e-06,3.866262e-06,6.206177e-06,9.872121e-06,1.556285e-05,2.431636e-05,3.766026e-05,5.782107e-05,8.801409e-05,0.0001328388,0.000198814,0.0002950921,0.0004343962,0.0006342492,0.0009185342,0.001319464,0.001880005,0.002656786,0.003723537,0.005174938,0.007130832,0.009740496,0.01318675,0.01768922,0.02350627,0.03093489,0.04030762,0.05198543,0.06634619,0.08376859,0.1046109,0.1291842,0.1577246,0.1903627,0.2270963,0.2677644,0.3120343,0.359397,0.4091742,0.4605497,0.512594,0.5643306,0.6147824,0.6630399,0.7083126,0.7499774,0.7876102,0.8209991,0.8501351,0.8751826,0.8964496,0.9143303,0.9292527,0.9416491,0.9518992,0.9603346,0.9672214,0.9727579,0.9771219,0.9804583,0.9829151,0.9846489,0.9858364,0.9866501,0.9872667,0.9878306,0.9884468,0.9891757,0.9900188,0.9909322,0.9918426,0.9926621,0.9933195,0.9937745,0.9940196,0.9940977,0.9940796,0.9940674,0.9941427,0.9943886,0.9948224,0.9954431,0.9961894,0.9969807,0.9977102,0.9982794,0.9986357,0.9987378,0.998616,0.9983418,0.9979964,0.9976848,0.997483,0.9974278,0.9975302,0.9977521,0.9980071,0.9982064,0.9982712,0.9981435,0.997801,0.9972718,0.9966289,0.9959645,0.9953891,0.9949654,0.9947878,0.994819,0.995061,0.9954056,0.9957839,0.9960674,0.9962111,0.9961455,0.9958804,0.9954658,0.9949713,0.9944782,0.9940772,0.993796,0.9936481,0.9935508,0.9934115,0.9930847,0.9923765,0.9911241,0.9891425,0.9862749,0.9823777,0.9772909,0.9708613,0.9628606,0.9530299,0.9410321,0.9264725,0.9089123,0.887908,0.8630521,0.8340261,0.8006476,0.7629182,0.7210424,0.6754395,0.6267346,0.5757262,0.5233336,0.4705496,0.4183722,0.3677477,0.3195174,0.274381,0.2328682,0.1953288,0.1619381,0.1327094,0.107519,0.08613369,0.06824224,0.05348388,0.04147503,0.03183129,0.02418463,0.0181952,0.01355866,0.01000984,0.007322997,0.005309973,0.003816961,0.002720395,0.001922603,0.001347501,0.0009366485,0.0006457199,0.0004415,0.0002993811,0.000201328,0.0001342584,8.877691e-05,5.820241e-05,3.782878e-05,2.437249e-05,1.556435e-05,9.850834e-06,6.178539e-06,3.840009e-06,2.364697e-06,1.442729e-06,8.720282e-07,5.221399e-07,3.09693e-07,1.819464e-07,1.058782e-07,6.102453e-08
band_4_srf_lambda=481.0681,481.1614,481.2562,481.3513,481.4453,481.5385,481.6331,481.7283,481.8224,481.9156,482.0101,482.1053,482.1995,482.2927,482.3871,482.4823,482.5766,482.6698,482.7641,482.8594,482.9538,483.047,483.1411,483.2364,483.3309,483.4242,483.5182,483.6134,483.7079,483.8014,483.8953,483.9905,484.0851,484.1784,484.2723,484.3675,484.4622,484.5556,484.6494,484.7447,484.8392,484.9328,485.0265,485.1216,485.2164,485.3099,485.4036,485.4987,485.5936,485.687,485.7807,485.8759,485.9706,486.0642,486.1578,486.2528,486.3477,486.4413,486.5349,486.6299,486.7247,486.8185,486.912,487.0069,487.1018,487.1956,487.2891,487.3839,487.4789,487.5728,487.6661,487.7609,487.8559,487.9499,488.0433,488.1378,488.2329,488.3271,488.4203,488.5149,488.6099,488.7042,488.7975,488.892,488.987,489.0814,489.1747,489.2691,489.3641,489.4584,489.5519,489.6461,489.7411,489.8356,489.9289,490.0233,490.1181,490.2127,490.3062,490.4003,490.4952,490.5898,490.6833,490.7774,490.8722,490.9669,491.0605,491.1545,491.2494,491.344,491.4376,491.5315,491.6265,491.721,491.8148,491.9086,492.0034,492.0981,492.1919,492.2857,492.3805,492.4751,492.5691,492.6628,492.7574,492.8523,492.9462,493.0398,493.1345,493.2293,493.3233,493.417,493.5114,493.6063,493.7004,493.794,493.8884,493.9833,494.0776,494.1711,494.2655,494.3604,494.4547,494.5483,494.6425,494.7374,494.8318,494.9254,495.0196,495.1144,495.2089,495.3026,495.3967,495.4914,495.5861,495.6797,495.7737,495.8685,495.9631,496.0568,496.1508,496.2455,496.3402,496.434,496.528,496.6226,496.7175,496.8112,496.905,496.9996,497.0946,497.1883,497.2822,497.3767,497.4717,497.5655,497.6594,497.7538,497.8488,497.9427,498.0365,498.1306,498.2258,498.3197,498.4135,498.5077,498.6029,498.6969,498.7907,498.8848,498.9799,499.0741,499.1678,499.2617,499.3569,499.4511,499.5449,499.6387,499.734,499.8283
band_4_srf=4.837775e-08,8.482944e-08,1.472962e-07,2.53279e-07,4.313099e-07,7.274196e-07,1.215097e-06,2.010469e-06,3.295134e-06,5.350223e-06,8.606512e-06,1.371756e-05,2.166502e-05,3.390885e-05,5.259865e-05,8.0869e-05,0.0001232449,0.0001861937,0.000278866,0.0004140734,0.0006095663,0.0008896598,0.001287294,0.001846538,0.00262562,0.003700424,0.00516843,0.007152947,0.009807356,0.01331891,0.01791202,0.02384953,0.03143213,0.04099438,0.05289692,0.06751447,0.08521835,0.1063547,0.1312188,0.1600259,0.1928819,0.229758,0.2704655,0.3146468,0.3617707,0.4111448,0.4619412,0.5132391,0.5640715,0.6134824,0.6605904,0.7046375,0.7450399,0.7814072,0.8135581,0.8415059,0.8654392,0.8856792,0.9026173,0.9166884,0.9283108,0.9378697,0.9456829,0.9520068,0.9570427,0.960959,0.9639017,0.9660116,0.967438,0.9683566,0.9689373,0.9693381,0.9697072,0.9701448,0.970704,0.9713836,0.9721411,0.9728979,0.9735729,0.9740933,0.9744142,0.9745263,0.9744826,0.9743473,0.974215,0.9741761,0.9743007,0.9746173,0.9751224,0.9757488,0.9764371,0.9770795,0.977592,0.9779272,0.9780637,0.9780389,0.9779203,0.977822,0.9778433,0.9780889,0.9786029,0.9793855,0.9804001,0.9815744,0.9827969,0.9839587,0.9849799,0.9858145,0.986468,0.9869902,0.9874516,0.9879321,0.9885136,0.989245,0.9901507,0.9911916,0.9923044,0.9934224,0.9944305,0.9952698,0.9959034,0.996338,0.9965861,0.9967408,0.9968719,0.9970863,0.9973835,0.9978064,0.9982669,0.998698,0.9989601,0.9988573,0.9982282,0.9969034,0.9947138,0.9914938,0.9871002,0.9813451,0.9740101,0.9648169,0.953432,0.9394588,0.9224489,0.9019572,0.8775675,0.8489468,0.8159008,0.7784057,0.7366493,0.6910304,0.6421558,0.5908131,0.5379214,0.4844739,0.4314812,0.3799158,0.3306467,0.2844047,0.2417551,0.2030822,0.1685923,0.138325,0.112178,0.08993232,0.07128465,0.05587631,0.04332122,0.03322821,0.0252201,0.01894608,0.01409049,0.01037681,0.007568784,0.005468922,0.003915332,0.002777779,0.00195321,0.001361349,0.0009405798,0.0006442473,0.0004374742,0.0002945093,0.0001965559,0.0001300453,8.529148e-05,5.544852e-05,3.57284e-05,2.281622e-05,1.443913e-05,9.054577e-06,5.62586e-06,3.463111e-06,2.111854e-06,1.275704e-06,7.632985e-07,4.523434e-07,2.654882e-07,1.54313e-07,8.88218e-08,5.062615e-08
band_5_srf_lambda=501.0532,501.1473,501.2422,501.3364,501.4299,501.5239,501.6188,501.713,501.8064,501.9005,501.9954,502.0895,502.183,502.2771,502.3719,502.4662,502.5596,502.6536,502.7484,502.8429,502.9362,503.0303,503.1251,503.2195,503.3129,503.4069,503.5016,503.5961,503.6894,503.7834,503.8782,503.9729,504.0662,504.1601,504.2548,504.3494,504.4428,504.5366,504.6313,504.7261,504.8193,504.9132,505.0079,505.1027,505.196,505.2898,505.3845,505.4793,505.5725,505.6664,505.761,505.8559,505.9492,506.043,506.1375,506.2324,506.3257,506.4196,506.5141,506.6091,506.7023,506.7961,506.8907,506.9857,507.0787,507.1728,507.2673,507.3623,507.4553,507.5493,507.6438,507.7388,507.832,507.926,508.0203,508.1155,508.2085,508.3025,508.397,508.492,508.5851,508.6792,508.7735,508.8686,508.9617,509.0558,509.1501,509.245,509.3383,509.4324,509.5266,509.6216,509.7149,509.809,509.9033,509.9982,510.0915,510.1856,510.2799,510.3747,510.4682,510.5622,510.6565,510.7513,510.8449,510.9388,511.033,511.1279,511.2215,511.3153,511.4096,511.5044,511.598,511.692,511.7862,511.881,511.9749,512.0686,512.1627,512.2575,512.3514,512.4451,512.5393,512.6341,512.728,512.8218,512.916,513.0106,513.1046,513.1985,513.2925,513.3871,513.4814,513.575,513.6691,513.7637,513.858,513.9515,514.0457,514.1403,514.2346,514.3282,514.4223,514.5167,514.6113,514.7047,514.7989,514.8934,514.9879,515.0812,515.1756,515.27,515.3645,515.4578,515.5522,515.6465,515.7411,515.8344,515.9288,516.0231,516.1177,516.2109,516.3054,516.3997,516.4943,516.5874,516.6819,516.7763,516.8708,516.964,517.0586,517.1528,517.2473,517.3408,517.4351,517.5293,517.6239,517.7173,517.8118,517.906,518.0004,518.0939,518.1884,518.2825,518.377,518.4706,518.5651,518.6591,518.7535,518.8472,518.9417,519.0357,519.1301,519.2239,519.3182,519.4123,519.5067,519.6006,519.6948,519.7888
band_5_srf=4.39836e-08,7.727055e-08,1.344284e-07,2.316007e-07,3.951698e-07,6.677976e-07,1.117762e-06,1.853212e-06,3.043718e-06,4.952434e-06,7.983674e-06,1.275241e-05,2.018482e-05,3.16619e-05,4.922255e-05,7.584774e-05,0.0001158514,0.0001754161,0.0002633098,0.0003918388,0.0005780928,0.0008455371,0.001226023,0.001762261,0.00251078,0.003545402,0.004961129,0.006878353,0.009447029,0.01285073,0.01730956,0.02308201,0.03046433,0.0397868,0.0514066,0.06569522,0.08302339,0.1037383,0.1281379,0.1564441,0.188772,0.2251061,0.2652733,0.3089337,0.3555775,0.4045307,0.4549873,0.5060447,0.5567476,0.6061478,0.6533666,0.6976458,0.7383873,0.7751867,0.807846,0.8363546,0.8608804,0.8817168,0.8992447,0.9138799,0.9260373,0.9360931,0.9443635,0.9511176,0.9565585,0.9608556,0.9641588,0.9666207,0.9683961,0.9696512,0.9705497,0.9712712,0.971936,0.9726614,0.9734954,0.9744433,0.9754444,0.9764597,0.9773774,0.9781479,0.9787224,0.9791042,0.9793369,0.9794813,0.9796294,0.97987,0.9802725,0.9808628,0.9816327,0.9825328,0.9834877,0.9844012,0.9851929,0.9858052,0.9862273,0.9864818,0.9866313,0.9867595,0.9869488,0.9872729,0.9877614,0.9884245,0.9892144,0.9900556,0.9908628,0.9915568,0.992077,0.9923952,0.992533,0.9925506,0.9925286,0.9925662,0.9927276,0.9930816,0.9936387,0.9943514,0.9951661,0.9959918,0.9967188,0.9973108,0.9976899,0.9978796,0.9979163,0.9978698,0.9978358,0.9978536,0.9980043,0.998246,0.998551,0.9988237,0.9988932,0.9986112,0.9977862,0.996247,0.9938394,0.9903967,0.9857667,0.9797688,0.9721838,0.962732,0.951081,0.9368201,0.9195194,0.8987292,0.8740368,0.8451259,0.8118068,0.7740688,0.7321142,0.6863508,0.6373981,0.5860459,0.533213,0.479896,0.4271005,0.3757859,0.3268128,0.2808982,0.2385951,0.2002764,0.1661351,0.1362033,0.1103699,0.08841153,0.07002148,0.05483986,0.04248067,0.03255429,0.02468565,0.01852675,0.01376484,0.01012641,0.007378154,0.005325161,0.003807943,0.002698313,0.001894945,0.001319028,0.0009101264,0.0006225408,0.0004221481,0.0002837927,0.0001891344,0.000124957,8.18374e-05,5.312741e-05,3.418457e-05,2.179993e-05,1.377708e-05,8.6278e-06,5.353642e-06,3.291304e-06,2.004577e-06,1.209431e-06,7.227914e-07,4.278484e-07,2.508344e-07,1.456399e-07,8.374273e-08,4.768368e-08
band_6_srf_lambda=551.0493,551.1432,551.2368,551.3318,551.4263,551.5206,551.6141,551.7089,551.8036,551.8976,551.9912,552.0861,552.1807,552.2749,552.3685,552.4631,552.5578,552.6522,552.7457,552.8401,552.935,553.0294,553.1229,553.2172,553.3123,553.4066,553.5,553.5944,553.6893,553.7838,553.8771,553.9714,554.0665,554.1608,554.2545,554.3485,554.4436,554.5381,554.6315,554.7256,554.8206,554.9152,555.0088,555.1028,555.1978,555.2922,555.386,555.4799,555.5749,555.6694,555.7632,555.8572,555.952,556.0465,556.1406,556.2343,556.3292,556.4236,556.5176,556.6115,556.7063,556.8008,556.8948,556.9885,557.0834,557.1779,557.272,557.3657,557.4604,557.5551,557.6493,557.7429,557.8376,557.9322,558.0265,558.1201,558.2147,558.3093,558.4037,558.4973,558.5916,558.6864,558.781,558.8744,558.9688,559.0636,559.1582,559.2517,559.3459,559.4407,559.5354,559.6289,559.723,559.8178,559.9124,560.0062,560.1001,560.195,560.2897,560.3834,560.4773,560.5721,560.6667,560.7606,560.8544,560.9492,561.044,561.1378,561.2316,561.3264,561.421,561.515,561.6088,561.7034,561.7982,561.8922,561.986,562.0806,562.1752,562.2694,562.3631,562.4576,562.5524,562.6465,562.7404,562.8348,562.9295,563.0237,563.1175,563.2119,563.3067,563.4009,563.4947,563.5889,563.6838,563.7783,563.8719,563.9658,564.061,564.1554,564.2491,564.3429,564.438,564.5325,564.6263,564.7199,564.8152,564.9098,565.0036,565.097,565.1923,565.287,565.3808,565.4741,565.5695,565.6642,565.758,565.8512,565.9465,566.0413,566.1352,566.2284,566.3237,566.4185,566.5124,566.6057,566.7007,566.7957,566.8895,566.9829,567.078,567.1726,567.2667,567.36,567.455,567.5496,567.6441,567.7372,567.8325,567.9269,568.021,568.1145,568.2092,568.3037,568.3984,568.4915,568.5867,568.6811,568.7753,568.8691,568.9634,569.058,569.153,569.2458,569.3409,569.4354,569.5296,569.6236,569.7174,569.8124
band_6_srf=4.154063e-08,7.323822e-08,1.27869e-07,2.210926e-07,3.786038e-07,6.421244e-07,1.0787e-06,1.794961e-06,2.95876e-06,4.831641e-06,7.816974e-06,1.253065e-05,1.990359e-05,3.132874e-05,4.886961e-05,7.555212e-05,0.0001157695,0.0001758336,0.0002647186,0.0003950504,0.0005843992,0.0008569342,0.001245515,0.001794273,0.002561705,0.003624278,0.005080512,0.007055347,0.009704591,0.01321902,0.01782763,0.02379935,0.03144249,0.04110078,0.05314595,0.06796463,0.0859414,0.1074358,0.1327554,0.1621262,0.1956625,0.2333375,0.2749629,0.3201697,0.3684118,0.418976,0.471005,0.5235473,0.5755988,0.6261743,0.6743588,0.7193725,0.7606128,0.7976831,0.8304006,0.8587949,0.8830637,0.9035403,0.9206508,0.934835,0.9465344,0.9561391,0.9639737,0.9703032,0.9753152,0.979193,0.9820618,0.9840865,0.9854102,0.9862109,0.9866769,0.9869727,0.987241,0.9875986,0.9880919,0.9887195,0.9894271,0.9901331,0.9907461,0.991183,0.9914068,0.9914268,0.9912664,0.991012,0.9907667,0.9906295,0.9906687,0.9909236,0.9913679,0.9919555,0.9925927,0.9931787,0.9936203,0.9938511,0.9938711,0.9936987,0.9934142,0.9931054,0.9928898,0.9928374,0.9930058,0.9933903,0.9939536,0.994602,0.9952487,0.9957783,0.9961334,0.9962679,0.9962112,0.9960172,0.9957829,0.9956005,0.9955629,0.9957284,0.996114,0.9966758,0.9973609,0.9980537,0.9986449,0.9990785,0.999276,0.9992693,0.9990881,0.9988032,0.9985291,0.9983285,0.9982778,0.9983607,0.9985334,0.9986829,0.9986588,0.9982809,0.997386,0.995791,0.9933261,0.9898419,0.985202,0.9792318,0.9717236,0.9624292,0.9509956,0.9370208,0.9200628,0.8996565,0.8753577,0.8468301,0.813844,0.7763733,0.7345986,0.6889173,0.6399426,0.5884732,0.5354418,0.4818638,0.4287674,0.3771309,0.327835,0.2816184,0.2390454,0.2004967,0.166171,0.1360987,0.1101673,0.08814736,0.06972598,0.05453686,0.04218725,0.03228223,0.02444167,0.01831397,0.01358361,0.009975204,0.007254262,0.005225323,0.00372869,0.002636278,0.001847028,0.00128248,0.0008825906,0.000602038,0.0004070624,0.0002728202,0.0001812457,0.0001193509,7.789971e-05,5.039333e-05,3.230849e-05,2.052756e-05,1.292429e-05,8.062953e-06,4.9839e-06,3.052127e-06,1.851677e-06,1.112831e-06,6.624734e-07,3.906213e-07,2.28125e-07,1.319461e-07,7.55798e-08,4.287311e-08
band_7_srf_lambda=611.0201,611.1144,611.2092,611.3026,611.397,611.4911,611.5845,611.6799,611.7723,611.8663,611.9615,612.0551,612.1494,612.2433,612.3365,612.4323,612.5244,612.6186,612.7138,612.8074,612.9017,612.9955,613.0888,613.1848,613.2766,613.3707,613.4661,613.5596,613.6539,613.7477,613.841,613.9371,614.0286,614.123,614.2184,614.3119,614.4061,614.4999,614.5931,614.6896,614.7811,614.8751,614.9708,615.0643,615.1584,615.2521,615.3453,615.442,615.5334,615.6273,615.723,615.8165,615.9108,616.0044,616.0975,616.1945,616.2859,616.3795,616.4752,616.5688,616.6633,616.7565,616.8496,616.9468,617.0383,617.1317,617.2275,617.3211,617.4156,617.5087,617.6017,617.6993,617.7906,617.8839,617.9799,618.0734,618.1679,618.2609,618.3539,618.4518,618.543,618.6359,618.7321,618.8257,618.9202,619.0131,619.1061,619.204,619.2953,619.3882,619.4844,619.578,619.6726,619.7653,619.8582,619.9565,620.0477,620.1403,620.2369,620.3301,620.4249,620.5174,620.6105,620.7089,620.8,620.8924,620.9891,621.0823,621.1772,621.2695,621.3625,621.4611,621.5524,621.6445,621.7413,621.8346,621.9296,622.0216,622.1147,622.2135,622.3047,622.3966,622.4937,622.5867,622.6818,622.7738,622.8669,622.9658,623.057,623.1489,623.246,623.3389,623.4342,623.5261,623.6191,623.7178,623.8093,623.9011,623.9983,624.0909,624.1863,624.2786,624.3712,624.47,624.5618,624.6536,624.7505,624.843,624.9388,625.0309,625.1234,625.2221,625.3139,625.4061,625.5028,625.5952,625.6912,625.7834,625.8757,625.9742,626.0664,626.1584,626.2551,626.3472,626.4432,626.5359,626.6277,626.7262,626.8187,626.9109,627.0072,627.0994,627.1956,627.2884,627.3801,627.4783,627.5709,627.6633,627.7595,627.8515,627.9479,628.0408,628.1323,628.2305,628.3231,628.4158,628.5118,628.6037,628.7001,628.7933,628.8845,628.9825,629.0756,629.1683,629.264,629.356,629.4525,629.5459,629.6368,629.7349
band_7_srf=3.606648e-08,6.372291e-08,1.115076e-07,1.932619e-07,3.317684e-07,5.641393e-07,9.502094e-07,1.585437e-06,2.620568e-06,4.291191e-06,6.961744e-06,1.119015e-05,1.78219e-05,2.812519e-05,4.398268e-05,6.816087e-05,0.0001046823,0.0001593375,0.0002403702,0.0003593966,0.0005326039,0.0007822952,0.001138844,0.001643122,0.00234943,0.003328937,0.004673645,0.00650066,0.008956656,0.01222215,0.01651508,0.02209308,0.02925382,0.03833225,0.04969363,0.06372318,0.08080954,0.1013229,0.1255895,0.1538613,0.1862857,0.2228739,0.2634772,0.3077706,0.3552418,0.4052066,0.4568268,0.5091534,0.5611829,0.611894,0.660355,0.7057381,0.7474056,0.7849184,0.8180664,0.8468552,0.8714704,0.8922414,0.9096056,0.924009,0.9359119,0.9457101,0.9537368,0.9602543,0.9654628,0.9695202,0.9725526,0.9747147,0.9761509,0.9770467,0.977578,0.977931,0.978264,0.9786984,0.9792811,0.9800194,0.9808553,0.9817058,0.982457,0.9830309,0.983376,0.9834838,0.9833964,0.98321,0.9830236,0.9829553,0.9830773,0.9834307,0.9840038,0.9847341,0.9855244,0.9862638,0.9868558,0.987229,0.9873693,0.9873132,0.9871359,0.9869512,0.9868711,0.9869925,0.9873604,0.987975,0.9887865,0.989705,0.9906175,0.9914098,0.9920055,0.9923684,0.992516,0.9925166,0.9924699,0.9924845,0.9926544,0.9930457,0.9936675,0.9944834,0.9953917,0.9962992,0.9970832,0.9976643,0.997999,0.9980883,0.9979846,0.9978036,0.9976211,0.9975412,0.9976214,0.9978528,0.9981917,0.9985099,0.9986346,0.9983916,0.997578,0.9960214,0.9935541,0.9900409,0.9853388,0.9792921,0.9716927,0.962272,0.9506854,0.9365045,0.91926,0.8984671,0.8736731,0.8445169,0.8108021,0.7725037,0.7298391,0.6832489,0.6334013,0.5811436,0.5274627,0.4734045,0.4200255,0.3683204,0.3191642,0.2732758,0.2311924,0.1932588,0.1596341,0.1303102,0.1051374,0.08385555,0.06612789,0.05157083,0.03978188,0.03036156,0.02293078,0.01714218,0.01268697,0.009297865,0.006748711,0.00485225,0.003456341,0.002439448,0.001706131,0.00118253,0.0008122977,0.000553014,0.0003731492,0.0002495478,0.0001654027,0.000108653,7.073468e-05,4.563516e-05,2.917586e-05,1.848347e-05,1.160268e-05,7.216524e-06,4.44705e-06,2.715001e-06,1.642107e-06,9.838972e-07,5.839765e-07,3.433386e-07,1.999471e-07,1.153339e-07,6.589239e-08,3.728515e-08
band_8_srf_lambda=655.8665,655.9619,656.056,656.149,656.2432,656.3391,656.4326,656.5259,656.6204,656.7156,656.8102,656.903,656.9969,657.093,657.1868,657.2796,657.3741,657.4694,657.5644,657.657,657.7505,657.8469,657.9407,658.0335,658.1279,658.2231,658.3184,658.4109,658.5042,658.6008,658.6946,658.7873,658.8817,658.9769,659.0725,659.1649,659.258,659.3544,659.4487,659.5413,659.6357,659.7305,659.8266,659.9191,660.0116,660.1082,660.2026,660.2955,660.3894,660.4843,660.5807,660.6731,660.7654,660.8622,660.9565,661.0497,661.1432,661.2379,661.3346,661.427,661.519,661.6159,661.7103,661.8038,661.897,661.9916,662.0886,662.1811,662.2728,662.3697,662.4641,662.558,662.6509,662.7452,662.8423,662.935,663.0267,663.1233,663.2178,663.3121,663.405,663.4989,663.5962,663.689,663.7805,663.8771,663.9715,664.0665,664.159,664.2526,664.3501,664.4431,664.5347,664.6309,664.7252,664.8206,664.913,665.0062,665.1038,665.197,665.2889,665.3846,665.479,665.5747,665.6671,665.7597,665.8575,665.9508,666.043,666.1382,666.2326,666.3287,666.4211,666.5134,666.6114,666.7048,666.7971,666.892,666.9863,667.0829,667.1751,667.2668,667.3653,667.4585,667.5513,667.6456,667.74,667.8367,667.9291,668.0204,668.1189,668.2122,668.3058,668.3994,668.4938,668.5908,668.6832,668.7742,668.8727,668.9661,669.06,669.1531,669.2475,669.3448,669.4374,669.5279,669.6266,669.7198,669.8142,669.9072,670.001,670.0989,670.1913,670.282,670.3803,670.4735,670.5683,670.6609,670.7546,670.8528,670.9453,671.036,671.134,671.2272,671.3226,671.4147,671.5082,671.6068,671.6991,671.79,671.8877,671.9811,672.0767,672.1688,672.2618,672.3607,672.4528,672.5443,672.6414,672.7349,672.8307,672.9227,673.0156,673.1144,673.2067,673.2986,673.3951,673.4886,673.5846,673.6767,673.7692,673.8683,673.9606,674.0529,674.1489,674.2422,674.3387,674.4308,674.5228,674.6221
band_8_srf=3.004575e-08,5.340284e-08,9.400843e-08,1.639094e-07,2.830664e-07,4.842108e-07,8.204545e-07,1.377095e-06,2.289693e-06,3.771438e-06,6.154211e-06,9.949153e-06,1.593556e-05,2.528898e-05,3.976447e-05,6.195497e-05,9.565095e-05,0.0001463362,0.0002218577,0.0003333262,0.0004962989,0.0007323119,0.001070844,0.001551743,0.002228211,0.003170345,0.004469207,0.006241346,0.008633474,0.01182731,0.01604328,0.02154374,0.02863339,0.03765716,0.04899381,0.06304473,0.08021723,0.1009021,0.1254462,0.1541192,0.1870804,0.2243465,0.265763,0.3109842,0.359466,0.4104782,0.4631299,0.516408,0.5692391,0.6205611,0.6693867,0.7148764,0.7563832,0.7934995,0.8260592,0.8541219,0.8779554,0.8979591,0.9146186,0.9284366,0.9398906,0.9493775,0.9572117,0.9636255,0.9687778,0.9727864,0.9757602,0.9778317,0.979152,0.979917,0.9803391,0.9806237,0.9809539,0.9814495,0.9821827,0.9831182,0.9841789,0.9852466,0.9861911,0.9868973,0.9872912,0.9873964,0.9872675,0.9870115,0.9867762,0.9866937,0.9868724,0.9873491,0.9881078,0.9890558,0.9900635,0.9909972,0.991724,0.9921647,0.9922867,0.992142,0.9918292,0.9914843,0.9912502,0.9912317,0.9914933,0.9920248,0.9927685,0.9935954,0.9943573,0.99493,0.9952219,0.9951983,0.9948953,0.9944161,0.9938971,0.9934954,0.9933218,0.9934748,0.9939632,0.994738,0.9956676,0.9966259,0.9974489,0.9980189,0.9982831,0.9982441,0.9979655,0.9975569,0.9971933,0.9969679,0.9969897,0.9972568,0.9977111,0.9982172,0.9985818,0.998587,0.99801,0.9966613,0.9943758,0.9910328,0.9865364,0.9807579,0.9735517,0.964678,0.9538115,0.9405246,0.9243211,0.9046546,0.8809991,0.8529146,0.820104,0.7824829,0.7402042,0.6936784,0.6435762,0.5907629,0.5362748,0.4812193,0.4267268,0.3738604,0.3235636,0.276609,0.2335736,0.1948276,0.160541,0.1307029,0.1051529,0.08361378,0.06572756,0.05108941,0.03927627,0.0298712,0.02248025,0.01674473,0.01234745,0.009015508,0.006519176,0.004669339,0.00331312,0.002329095,0.00162234,0.001119769,0.0007658891,0.0005191153,0.0003486782,0.0002320852,0.0001530814,0.0001000551,6.48016e-05,4.158582e-05,2.64425e-05,1.665873e-05,1.039789e-05,6.429811e-06,3.938997e-06,2.390523e-06,1.437161e-06,8.558721e-07,5.048827e-07,2.950103e-07,1.707383e-07,9.787113e-08,5.556421e-08,3.124197e-08
band_9_srf_lambda=665.8735,665.9549,666.0349,666.1193,666.2003,666.2802,666.3649,666.4457,666.5254,666.6106,666.691,666.7708,666.8563,666.9362,667.0162,667.1018,667.1813,667.2618,667.3473,667.4266,667.5074,667.593,667.6719,667.7531,667.8384,667.9174,667.999,668.0841,668.1628,668.2445,668.3291,668.4083,668.4904,668.5742,668.6538,668.736,668.8191,668.8995,668.9814,669.0643,669.145,669.2271,669.3091,669.3907,669.4727,669.5541,669.6364,669.718,669.7989,669.8822,669.9636,670.0439,670.1281,670.2089,670.2891,670.3739,670.4543,670.5341,670.6198,670.6996,670.7795,670.8654,670.945,671.0247,671.111,671.1903,671.27,671.3566,671.4357,671.5156,671.6022,671.681,671.7612,671.8479,671.9263,672.0071,672.0931,672.1714,672.2528,672.3378,672.4169,672.4987,672.5829,672.6624,672.7444,672.828,672.908,672.9901,673.073,673.1538,673.2355,673.3181,673.3995,673.4811,673.5631,673.6452,673.7267,673.8083,673.8909,673.9722,674.0532,674.1368,674.2175,674.298,674.3827,674.4629,674.5432,674.6286,674.7082,674.7881,674.8744,674.9535,675.0336,675.1201,675.1989,675.2791,675.3658,675.4444,675.5245,675.6113,675.6899,675.7698,675.8566,675.9354,676.0153,676.1017,676.1806,676.2611,676.3467,676.4259,676.5068,676.5918,676.6712,676.7527,676.8367,676.9168,676.9985,677.0818,677.1626,677.2441,677.3269,677.4082,677.4897,677.572,677.6541,677.7352,677.8172,677.8997,677.9806,678.0623,678.1456,678.226,678.3074,678.3915,678.4714,678.5524,678.6375,678.7167,678.7974,678.8832,678.9621,679.0428,679.129,679.2076,679.2881,679.3749,679.4531,679.5334,679.6201,679.6986,679.7789,679.8653,679.944,680.0242,680.1104,680.1893,680.27,680.3555,680.4348,680.5153,680.6006,680.6804,680.7611,680.8456,680.926,681.0065,681.0907,681.1714,681.2525,681.3358,681.4171,681.4981,681.5809,681.6627,681.7435,681.8263,681.9085,681.9891,682.0711,682.1543
band_9_srf=2.908258e-08,4.805394e-08,7.882306e-08,1.28355e-07,2.074993e-07,3.330216e-07,5.306259e-07,8.394121e-07,1.318371e-06,2.055834e-06,3.182962e-06,4.893022e-06,7.468542e-06,1.131923e-05,1.703446e-05,2.545542e-05,3.777321e-05,5.566078e-05,8.144871e-05,0.0001183586,0.0001708064,0.0002447965,0.0003484265,0.0004925187,0.0006914246,0.0009639947,0.001334776,0.001835426,0.002506375,0.003398733,0.004576394,0.006118396,0.008121218,0.01070121,0.01399668,0.01816947,0.02340612,0.02991742,0.03793695,0.04771744,0.05952549,0.07363287,0.09030659,0.1097953,0.1323142,0.1580288,0.1870368,0.2193526,0.2548925,0.2934625,0.3347546,0.3783472,0.4237132,0.4702351,0.5172294,0.5639796,0.6097651,0.6538941,0.6957574,0.7348361,0.770741,0.8032208,0.8321728,0.8576253,0.8797334,0.8987431,0.9149684,0.928754,0.9404407,0.9503562,0.9587672,0.9659014,0.9719231,0.9769544,0.9810802,0.984361,0.9868706,0.9886802,0.9898885,0.9906139,0.9909962,0.9911811,0.9913056,0.9914881,0.9918221,0.9923459,0.9930489,0.9938984,0.9948209,0.9957127,0.9964784,0.9970593,0.9973696,0.9974366,0.9972486,0.9968997,0.99647,0.9960454,0.9957478,0.9956244,0.9957231,0.9960345,0.9965196,0.9971052,0.9976946,0.998182,0.9984904,0.998552,0.9983563,0.9979115,0.9972932,0.9965656,0.9958544,0.9952492,0.9948186,0.994605,0.9946344,0.9948227,0.995105,0.9953471,0.9954047,0.9951308,0.9943759,0.9930327,0.9909898,0.9881856,0.9845474,0.9800211,0.9745172,0.9679175,0.9600487,0.9506884,0.9395466,0.926293,0.9105597,0.8919888,0.8702472,0.8450642,0.8162742,0.7838352,0.7478396,0.708538,0.6663215,0.6217147,0.575348,0.5279201,0.4801772,0.4328567,0.3866641,0.3422369,0.3001213,0.2607565,0.2244638,0.1914463,0.1617955,0.1355008,0.1124659,0.09252454,0.07545859,0.06101535,0.04892307,0.03890456,0.03068788,0.02401474,0.01864659,0.01436782,0.01098782,0.008340865,0.006285484,0.004702575,0.003493279,0.00257671,0.001887359,0.001372833,0.0009916697,0.0007113956,0.0005068217,0.0003585891,0.0002519631,0.0001758203,0.000121839,8.38459e-05,5.729866e-05,3.888365e-05,2.620215e-05,1.753266e-05,1.164899e-05,7.685087e-06,5.034065e-06,3.274064e-06,2.11417e-06,1.355405e-06,8.6272e-07,5.451735e-07,3.420244e-07,2.130234e-07,1.317164e-07,8.08515e-08,4.926792e-08,2.980305e-08
band_10_srf_lambda=673.413,673.4948,673.5794,673.6585,673.7405,673.8245,673.9043,673.9861,674.0696,674.1501,674.2318,674.3148,674.396,674.4773,674.5601,674.6418,674.7228,674.8052,674.8878,674.9684,675.0504,675.1337,675.214,675.2955,675.3796,675.4595,675.5404,675.6254,675.7047,675.7854,675.8711,675.9504,676.0308,676.1169,676.1959,676.2764,676.3626,676.4413,676.5219,676.6082,676.6869,676.7675,676.8538,676.9326,677.0129,677.0989,677.1779,677.2585,677.3441,677.4235,677.5042,677.5894,677.669,677.7499,677.8345,677.9143,677.9956,678.0796,678.1599,678.2413,678.325,678.4055,678.4869,678.57,678.6513,678.7325,678.8153,678.8973,678.9781,679.0605,679.1432,679.2234,679.3057,679.3893,679.4691,679.5509,679.6352,679.7146,679.7962,679.881,679.9601,680.0416,680.1269,680.2057,680.2866,680.3727,680.4513,680.5317,680.6182,680.6968,680.7771,680.8636,680.9424,681.0226,681.1087,681.188,681.2684,681.354,681.4335,681.514,681.5991,681.6792,681.7596,681.8443,681.9249,682.0052,682.0895,682.1704,682.2507,682.335,682.416,682.4963,682.5801,682.6616,682.7419,682.8254,682.9071,682.9875,683.0706,683.1528,683.233,683.3159,683.3987,683.4786,683.5612,683.6447,683.7242,683.8065,683.8908,683.9698,684.0519,684.1368,684.2153,684.2973,684.3824,684.4609,684.5425,684.628,684.7066,684.7878,684.873,684.9521,685.033,685.1184,685.1978,685.2783,685.3635,685.4435,685.5237,685.6088,685.6893,685.7693,685.8541,685.9349,686.0151,686.0993,686.1805,686.2606,686.3446,686.4263,686.5061,686.59,686.6721,686.7515,686.8352,686.9178,686.9969,687.0806,687.1635,687.2424,687.3261,687.409,687.488,687.5714,687.6546,687.7336,687.8168,687.9005,687.9793,688.0621,688.1461,688.225,688.3075,688.3918,688.4705,688.553,688.6371,688.7162,688.7984,688.8824,688.962,689.0438,689.1276,689.2077,689.2892,689.3731,689.4535,689.5344,689.6184,689.6991
band_10_srf=2.817191e-08,4.663868e-08,7.664526e-08,1.250379e-07,2.02499e-07,3.255643e-07,5.196258e-07,8.23365e-07,1.295235e-06,2.022867e-06,3.136587e-06,4.828622e-06,7.380214e-06,1.119974e-05,1.687492e-05,2.524558e-05,3.750154e-05,5.531493e-05,8.101723e-05,0.0001178318,0.0001701795,0.0002440736,0.0003476241,0.0004916755,0.0006906064,0.0009633081,0.001334378,0.001835542,0.002507322,0.003400934,0.004580436,0.006125008,0.008131407,0.01071621,0.01401812,0.01819947,0.02344724,0.02997302,0.03801106,0.04781526,0.05965294,0.07379719,0.09051624,0.1100599,0.1326436,0.1584347,0.1875303,0.219943,0.2555879,0.2942692,0.3356729,0.379371,0.424833,0.4714315,0.518475,0.565236,0.6109911,0.6550432,0.6967707,0.7356573,0.7713159,0.8034971,0.8321049,0.8571794,0.8788844,0.8974788,0.9132895,0.9266762,0.937986,0.9475482,0.9556473,0.9624996,0.9682742,0.9730831,0.9770066,0.9801038,0.9824343,0.984071,0.9851027,0.9856579,0.9858666,0.9858775,0.9858433,0.9858808,0.9860788,0.9864891,0.9871088,0.9878972,0.9887753,0.9896458,0.990405,0.9909833,0.9913217,0.9914064,0.9912751,0.990981,0.9906327,0.9903314,0.9901767,0.9902525,0.9906068,0.9912456,0.9921125,0.9931407,0.994224,0.9952774,0.9961654,0.9968437,0.9972571,0.9974346,0.9973828,0.9971951,0.9969601,0.9967766,0.9967132,0.9968065,0.9970948,0.9974949,0.9979219,0.9982934,0.998436,0.9982129,0.997494,0.9961638,0.9941065,0.9912627,0.9875641,0.9829476,0.9773394,0.970604,0.9625825,0.9530448,0.9417047,0.9282307,0.9122629,0.8934351,0.8714256,0.845969,0.8168997,0.7841791,0.74791,0.7083457,0.6658858,0.6210579,0.5744973,0.5269101,0.4790422,0.4316321,0.3853844,0.3409357,0.2988304,0.2595018,0.2232676,0.1903258,0.1607634,0.134565,0.1116297,0.09178756,0.07481748,0.06046462,0.04845539,0.03851183,0.03036147,0.02374613,0.01842766,0.01419089,0.01084602,0.008228119,0.006196489,0.004632825,0.003439001,0.002534743,0.001855118,0.001348224,0.0009730035,0.0006973254,0.0004962843,0.000350749,0.0002461674,0.0001715648,0.0001187358,8.159872e-05,5.568319e-05,3.773069e-05,2.53855e-05,1.695856e-05,1.12485e-05,7.407877e-06,4.8437e-06,3.144396e-06,2.026594e-06,1.296753e-06,8.23759e-07,5.195036e-07,3.25249e-07,2.021503e-07,1.247257e-07,7.639306e-08,4.644734e-08,2.80329e-08
band_11_srf_lambda=699.7268,699.8187,699.9135,700.0074,700.1022,700.1978,700.2886,700.3849,700.4811,700.5732,700.6682,700.7615,700.8567,700.9525,701.0435,701.1393,701.2355,701.3278,701.4226,701.5157,701.6112,701.7068,701.7982,701.8934,701.9898,702.0822,702.1774,702.2698,702.3657,702.4612,702.553,702.6479,702.7441,702.8369,702.9319,703.0239,703.1202,703.2156,703.3078,703.4022,703.4983,703.5913,703.6865,703.778,703.8746,703.9702,704.0623,704.1565,704.2524,704.3459,704.4411,704.5323,704.629,704.7244,704.817,704.9112,705.0066,705.1004,705.1954,705.2874,705.3833,705.4789,705.5715,705.6658,705.7607,705.8549,705.95,706.0419,706.1375,706.2332,706.3261,706.4205,706.5148,706.6093,706.7044,706.7968,706.8918,706.9875,707.0806,707.1752,707.2688,707.3637,707.4588,707.5515,707.6461,707.7419,707.8351,707.9297,708.0229,708.1182,708.2133,708.3061,708.4004,708.4962,708.5896,708.6843,708.777,708.8727,708.9676,709.0609,709.1547,709.2508,709.3439,709.4389,709.531,709.6274,709.7221,709.8152,709.9091,710.0051,710.0986,710.1935,710.2853,710.3818,710.4764,710.5696,710.6636,710.7595,710.8533,710.9478,711.0398,711.1361,711.231,711.3239,711.4182,711.5134,711.608,711.7023,711.7946,711.8906,711.9854,712.0784,712.173,712.2675,712.3625,712.4568,712.5491,712.6448,712.74,712.8327,712.9279,713.0212,713.1171,713.2113,713.3038,713.3991,713.4944,713.5872,713.6826,713.7753,713.8717,713.9658,714.0585,714.1536,714.2489,714.3415,714.4374,714.5292,714.6262,714.7203,714.813,714.9078,715.0033,715.0958,715.1918,715.2834,715.3807,715.4747,715.5674,715.6623,715.7577,715.8506,715.9463,716.0378,716.1351,716.2291,716.3217,716.4167,716.5119,716.6054,716.7007,716.7922,716.8895,716.9836,717.0761,717.1715,717.2657,717.3604,717.4551,717.5468,717.6439,717.738,717.8303,717.926,718.0197,718.1152,718.2095,718.3013,718.3982,718.4924
band_11_srf=2.377764e-08,4.274012e-08,7.607316e-08,1.340807e-07,2.340189e-07,4.044782e-07,6.923236e-07,1.173551e-06,1.970083e-06,3.275413e-06,5.393336e-06,8.795673e-06,1.420734e-05,2.273006e-05,3.602004e-05,5.654012e-05,8.791299e-05,0.0001354082,0.0002066079,0.0003122984,0.000467652,0.0006937673,0.001019634,0.00148461,0.002141436,0.00305989,0.004330973,0.006071642,0.00842982,0.01158944,0.01577494,0.02125458,0.02834182,0.03739348,0.04880402,0.06299418,0.0803946,0.1014215,0.1264485,0.1557711,0.1895713,0.2278799,0.2705464,0.3172152,0.3673159,0.4200763,0.4745426,0.5296327,0.5841933,0.6370876,0.6872529,0.7337919,0.7760312,0.8135504,0.8462027,0.8740956,0.8975496,0.9170383,0.9331138,0.9463419,0.9572413,0.966234,0.9736441,0.9796726,0.9844701,0.988117,0.9907046,0.9923477,0.9932029,0.9934695,0.9933942,0.9932095,0.9931207,0.9932701,0.9937221,0.9944396,0.9953386,0.9962551,0.9970191,0.997508,0.9976291,0.9973838,0.9968624,0.9961733,0.9955211,0.9950482,0.9948786,0.9950778,0.9956205,0.9964005,0.9972746,0.9980599,0.9986056,0.9987887,0.998605,0.9980747,0.997352,0.9966,0.9959706,0.9956268,0.9956364,0.9959935,0.9966284,0.9973915,0.9981245,0.9986568,0.9988701,0.9987031,0.9982202,0.9974961,0.9967027,0.9960256,0.9956005,0.9955502,0.9958732,0.9965079,0.9973426,0.9981937,0.9988822,0.9992878,0.9993327,0.9989836,0.9983634,0.9976102,0.9968866,0.9963256,0.9960818,0.9961257,0.9964372,0.9968404,0.9971327,0.9970741,0.9964277,0.9949827,0.992583,0.989121,0.9845201,0.9786891,0.9714973,0.9627359,0.9520795,0.9390889,0.9232455,0.9039534,0.8806525,0.8528394,0.8201841,0.7825724,0.7401403,0.6933074,0.6427652,0.5894245,0.5343589,0.478736,0.4237242,0.3704299,0.3198203,0.272684,0.229599,0.1909263,0.1568175,0.1272395,0.1020066,0.08081739,0.06329232,0.04900824,0.03752892,0.02842806,0.02130658,0.01580381,0.01160332,0.008434325,0.006070694,0.004327172,0.003054877,0.00213621,0.001479725,0.001015362,0.0006901978,0.0004647724,0.0003100408,0.0002048806,0.0001341148,8.696307e-05,5.585484e-05,3.553399e-05,2.239068e-05,1.397401e-05,8.63761e-06,5.287757e-06,3.205866e-06,1.924887e-06,1.144565e-06,6.739743e-07,3.930081e-07,2.269387e-07,1.297636e-07,7.347291e-08,4.119241e-08,2.286739e-08
band_12_srf_lambda=746.0486,746.129,746.2155,746.2942,746.3745,746.4603,746.54,746.6198,746.7051,746.7858,746.8651,746.9496,747.0315,747.1104,747.1943,747.2772,747.3559,747.4388,747.5229,747.6014,747.6837,747.7687,747.8469,747.9284,748.0139,748.0923,748.1732,748.2593,748.3379,748.4182,748.5048,748.5833,748.6636,748.7502,748.8285,748.9086,748.9957,749.0737,749.1538,749.2412,749.3189,749.3989,749.4869,749.5641,749.6439,749.7321,749.8095,749.8893,749.9771,750.0549,750.1345,750.2219,750.3004,750.38,750.467,750.5459,750.6255,750.7117,750.7919,750.8708,750.9565,751.0377,751.1162,751.2014,751.2835,751.3617,751.4459,751.5292,751.6072,751.6906,751.7748,751.8527,751.9354,752.0202,752.0982,752.1804,752.2657,752.3436,752.4251,752.5111,752.5891,752.6702,752.7567,752.8346,752.9155,753.002,753.08,753.1608,753.2476,753.3253,753.4059,753.4932,753.5705,753.6509,753.7383,753.8157,753.8959,753.9832,754.0612,754.1407,754.2283,754.3068,754.3856,754.4733,754.5523,754.6309,754.7183,754.7979,754.8763,754.963,755.0436,755.122,755.2081,755.2896,755.3675,755.4528,755.5353,755.613,755.6974,755.7809,755.8582,755.9424,756.0264,756.1038,756.1873,756.2717,756.3495,756.4321,756.5174,756.595,756.6773,756.7629,756.8405,756.9225,757.0084,757.0859,757.1675,757.254,757.3313,757.4127,757.4996,757.5765,757.6578,757.7448,757.822,757.9028,757.9897,758.0675,758.1476,758.2344,758.313,758.3925,758.4794,758.5585,758.6374,758.7245,758.8043,758.8824,758.9696,759.0499,759.1276,759.2145,759.2956,759.3731,759.4592,759.5412,759.6187,759.7043,759.787,759.8641,759.9491,760.0325,760.1096,760.194,760.278,760.3552,760.4392,760.5235,760.6006,760.6842,760.7692,760.8461,760.9293,761.0147,761.0917,761.1744,761.2603,761.3372,761.4194,761.5059,761.5827,761.6646,761.7512,761.8281,761.9094,761.9962,762.0737,762.1545,762.241,762.3193
band_12_srf=1.653163e-08,2.787804e-08,4.665292e-08,7.747701e-08,1.276876e-07,2.088398e-07,3.389783e-07,5.460471e-07,8.729555e-07,1.385046e-06,2.180981e-06,3.40848e-06,5.286831e-06,8.138845e-06,1.243568e-05,1.885917e-05,2.838758e-05,4.241269e-05,6.28973e-05,9.258619e-05,0.0001352845,0.0001962211,0.0002825198,0.0004037983,0.0005729281,0.0008069776,0.001128367,0.001566271,0.002158281,0.002952324,0.00400888,0.00540339,0.007228834,0.009598381,0.01264787,0.01653802,0.02145589,0.02761527,0.03525599,0.04464078,0.05605062,0.0697765,0.08610895,0.105325,0.1276712,0.1533464,0.1824803,0.2151173,0.2511953,0.2905368,0.332833,0.3776519,0.4244354,0.4725249,0.5211815,0.5696136,0.6170337,0.6626793,0.7058665,0.7460238,0.7827266,0.8157039,0.8448568,0.8702434,0.8920593,0.9106062,0.926262,0.9394307,0.9505095,0.9598598,0.96778,0.9744998,0.9801759,0.9848998,0.9887357,0.9917228,0.9938958,0.9953136,0.9960798,0.9963165,0.9961882,0.9958702,0.995515,0.9952867,0.9952746,0.9955415,0.9960724,0.9968025,0.9976518,0.9984656,0.9991303,0.9995483,0.9996184,0.9993631,0.9987908,0.9980118,0.9971299,0.9962763,0.9955714,0.9951127,0.9949585,0.9950786,0.9954298,0.995924,0.9964203,0.9967985,0.9969444,0.9967692,0.9962603,0.9954427,0.9943903,0.9932284,0.9920955,0.9910997,0.9903705,0.9899582,0.9898592,0.9900252,0.9903421,0.9906482,0.9907769,0.9905511,0.9898022,0.9884074,0.9862796,0.9833597,0.979616,0.975014,0.9695083,0.9630039,0.9553475,0.9463055,0.9355749,0.9227918,0.9075384,0.8894028,0.8679951,0.8429998,0.8142104,0.7815551,0.7451291,0.705195,0.6621844,0.6166671,0.5693343,0.5209473,0.4723104,0.4242173,0.3774164,0.3325735,0.2902499,0.2508855,0.2147891,0.182142,0.1530056,0.1273363,0.105003,0.08580535,0.06949566,0.05579561,0.04441288,0.03505559,0.02744153,0.02130732,0.01641262,0.01254331,0.009512156,0.007158545,0.005346699,0.003963626,0.00291655,0.002130269,0.001544543,0.001111669,0.0007942587,0.0005633237,0.0003966091,0.0002771845,0.0001922958,0.0001324212,9.051577e-05,6.141302e-05,4.135754e-05,2.764377e-05,1.833928e-05,1.207543e-05,7.891333e-06,5.118205e-06,3.294564e-06,2.104698e-06,1.334396e-06,8.39611e-07,5.242809e-07,3.248921e-07,1.998007e-07,1.219361e-07,7.384843e-08,4.438305e-08,2.647006e-08,1.566551e-08
band_13_srf_lambda=756.0953,756.1548,756.2131,756.2683,756.3227,756.3794,756.4399,756.4951,756.5505,756.6047,756.6647,756.7216,756.7774,756.8309,756.8891,756.9492,757.0042,757.0592,757.1143,757.1746,757.2307,757.2864,757.3398,757.399,757.4584,757.5135,757.5678,757.6239,757.6843,757.7399,757.7953,757.8495,757.9089,757.9668,758.0223,758.0762,758.1337,758.1939,758.2488,758.3041,758.3588,758.4189,758.4756,758.5313,758.5848,758.6434,758.7031,758.7584,758.813,758.8686,758.9285,758.9847,759.0402,759.0941,759.1533,759.212,759.2674,759.3214,759.3783,759.4382,759.4938,759.549,759.6036,759.6631,759.7208,759.7762,759.8298,759.888,759.9477,760.0031,760.0579,760.1131,760.1729,760.2296,760.2852,760.3391,760.3976,760.457,760.5124,760.5665,760.6229,760.6824,760.7387,760.7938,760.8483,760.9074,760.966,761.0212,761.075,761.1325,761.1921,761.2479,761.3027,761.3577,761.4172,761.4747,761.5301,761.5839,761.6422,761.7016,761.7573,761.8114,761.8674,761.9269,761.9835,762.0389,762.0932,762.1517,762.2107,762.2664,762.3202,762.3771,762.4363,762.4926,762.5475,762.6024,762.6616,762.7198,762.7751,762.8289,762.8868,762.9461,763.002,763.0564,763.1118,763.1711,763.2286,763.2841,763.338,763.3964,763.4556,763.5114,763.5651,763.6216,763.6808,763.7374,763.7925,763.8475,763.9058,763.9645,764.0203,764.0739,764.1314,764.1904,764.2466,764.3012,764.3566,764.4156,764.4739,764.529,764.5831,764.6409,764.6999,764.7561,764.8101,764.8661,764.925,764.9825,765.0378,765.0922,765.1505,765.2092,765.2653,765.3187,765.3759,765.4347,765.4915,765.5461,765.6016,765.6602,765.7186,765.7742,765.828,765.8855,765.9443,766.0007,766.0549,766.1108,766.1696,766.2277,766.2827,766.3372,766.3951,766.4538,766.5101,766.5637,766.6204,766.6791,766.7365,766.7914,766.8464,766.9046,766.9632,767.0193,767.0725,767.1302,767.1886,767.2456,767.2999,767.3557
band_13_srf=1.741667e-08,2.506976e-08,3.595218e-08,5.136761e-08,7.312163e-08,1.037042e-07,1.465355e-07,2.062943e-07,2.893547e-07,4.043664e-07,5.630188e-07,7.810444e-07,1.07953e-06,1.486625e-06,2.039756e-06,2.788472e-06,3.798117e-06,5.154482e-06,6.969771e-06,9.390124e-06,1.260505e-05,1.685939e-05,2.246804e-05,2.983422e-05,3.947257e-05,5.203658e-05,6.835305e-05,8.946322e-05,0.0001166738,0.0001516166,0.0001963201,0.0002532997,0.0003256539,0.0004171893,0.0005325587,0.0006774252,0.0008586495,0.001084508,0.001364933,0.001711801,0.002139222,0.002663898,0.003305492,0.004087018,0.005035275,0.006181316,0.007560845,0.009214711,0.01118939,0.01353722,0.01631699,0.01959388,0.02343987,0.02793361,0.03316018,0.03921074,0.04618173,0.05417407,0.06329182,0.0736403,0.08532453,0.09844638,0.1131023,0.1293805,0.1473563,0.1670922,0.1886296,0.2119898,0.2371684,0.2641334,0.2928225,0.3231412,0.3549639,0.388131,0.4224532,0.4577097,0.4936552,0.5300245,0.5665346,0.602892,0.6388038,0.6739779,0.7081338,0.7410125,0.7723742,0.8020091,0.8297397,0.8554375,0.879008,0.9003835,0.919544,0.936502,0.9512914,0.963966,0.9746199,0.9833034,0.9901259,0.9951347,0.9984052,0.9999937,0.9999315,0.9981448,0.9947015,0.9895265,0.9825397,0.9736854,0.9628801,0.9500418,0.9351056,0.9180128,0.8987234,0.87723,0.8535587,0.82777,0.7999602,0.7702639,0.7388659,0.7059636,0.6717968,0.6366275,0.6007345,0.5644106,0.5279475,0.491635,0.4557568,0.4205753,0.3863362,0.3532554,0.321523,0.2912968,0.2627024,0.2358326,0.2107483,0.1874821,0.1660363,0.1463897,0.1284989,0.1123035,0.09772662,0.08468033,0.07306688,0.0627841,0.05372696,0.04578995,0.03886908,0.03286353,0.0276771,0.02321895,0.01940426,0.01615501,0.01339943,0.01107265,0.009116238,0.007478083,0.00611206,0.004977568,0.004039119,0.003265895,0.002631302,0.002112499,0.001689974,0.001347175,0.001070115,0.0008470291,0.0006680789,0.0005250696,0.000411211,0.0003208982,0.0002495315,0.0001933449,0.0001492747,0.0001148382,8.802929e-05,6.723683e-05,5.117093e-05,3.880361e-05,2.931911e-05,2.207274e-05,1.655721e-05,1.237485e-05,9.215398e-06,6.837609e-06,5.054886e-06,3.723336e-06,2.732527e-06,1.998054e-06,1.455656e-06,1.056614e-06,7.641508e-07,5.5061e-07,3.95286e-07,2.827342e-07,2.014859e-07,1.430562e-07,1.011961e-07,7.132031e-08,5.007897e-08,3.503462e-08,2.441974e-08,1.695831e-08
band_14_srf_lambda=758.5901,758.6553,758.72,758.7814,758.8408,758.906,758.9707,759.0322,759.0915,759.1567,759.2214,759.2828,759.3422,759.4073,759.4722,759.5334,759.5928,759.6581,759.7228,759.7841,759.8434,759.9087,759.9735,760.0348,760.0941,760.1593,760.2244,760.2855,760.3448,760.4101,760.4751,760.5361,760.5954,760.6605,760.7256,760.7867,760.8461,760.9114,760.9766,761.0377,761.0967,761.162,761.2272,761.2881,761.3474,761.4127,761.4777,761.5389,761.5981,761.6633,761.7285,761.7896,761.8487,761.9141,761.9792,762.0403,762.0995,762.1647,762.2298,762.291,762.3502,762.4154,762.4805,762.5417,762.6008,762.6663,762.7312,762.7924,762.8515,762.9169,762.9819,763.0432,763.1022,763.1677,763.2325,763.2938,763.3528,763.4182,763.4833,763.5446,763.6035,763.6691,763.7341,763.7952,763.8543,763.9196,763.9847,764.0459,764.1049,764.1703,764.2353,764.2967,764.3556,764.421,764.486,764.5472,764.6064,764.6716,764.7368,764.798,764.8571,764.9224,764.9873,765.0487,765.1077,765.1731,765.2381,765.2994,765.3584,765.4237,765.4888,765.55,765.6091,765.6744,765.7396,765.8008,765.8597,765.9251,765.9902,766.0514,766.1104,766.1757,766.2408,766.3021,766.3611,766.4264,766.4916,766.5529,766.6119,766.6771,766.7422,766.8034,766.8624,766.9278,766.9929,767.0541,767.113,767.1785,767.2436,767.3049,767.3638,767.429,767.4943,767.5555,767.6144,767.6798,767.7448,767.8061,767.8651,767.9304,767.9955,768.0569,768.1159,768.1811,768.2464,768.3076,768.3665,768.4318,768.4969,768.5583,768.6172,768.6825,768.7477,768.8089,768.868,768.9332,768.9984,769.0595,769.1186,769.1838,769.249,769.3104,769.3691,769.4344,769.4998,769.561,769.6199,769.6851,769.7504,769.8116,769.8705,769.9357,770.001,770.0623,770.1212,770.1863,770.2518,770.313,770.3719,770.4371,770.5024,770.5637,770.6225,770.6877,770.7531,770.8143,770.8732,770.9384,771.0038,771.0649
band_14_srf=1.502109e-08,2.247911e-08,3.34885e-08,4.966561e-08,7.332626e-08,1.077739e-07,1.576946e-07,2.297067e-07,3.331089e-07,4.809025e-07,6.911743e-07,9.889681e-07,1.408775e-06,1.997878e-06,2.820763e-06,3.964954e-06,5.548638e-06,7.730565e-06,1.072309e-05,1.480856e-05,2.036076e-05,2.7872e-05,3.798724e-05,5.154732e-05,6.964327e-05,9.368254e-05,0.0001254733,0.0001673247,0.0002221702,0.0002937214,0.0003866456,0.0005067802,0.0006613929,0.0008594765,0.001112098,0.001432807,0.001838081,0.002347836,0.002986018,0.00378121,0.004767328,0.005984302,0.007478809,0.009304962,0.01152509,0.01421024,0.01744061,0.02130592,0.02590547,0.03134777,0.03775005,0.04523693,0.05393909,0.06399022,0.07552504,0.08867599,0.1035683,0.1203155,0.139016,0.1597461,0.1825538,0.2074575,0.2344367,0.2634309,0.2943361,0.3270029,0.3612358,0.3967962,0.4334068,0.4707547,0.508501,0.5462852,0.5837439,0.620513,0.6562504,0.6906307,0.7233714,0.7542365,0.7830343,0.8096437,0.8339911,0.8560632,0.8759032,0.8935924,0.9092666,0.9230813,0.9352166,0.9458416,0.9551391,0.963268,0.9703712,0.9765577,0.9819459,0.9865741,0.9905003,0.993748,0.9963238,0.9982262,0.9994409,0.9999933,0.9998335,0.9989896,0.9974697,0.9952668,0.9924129,0.9888903,0.9847024,0.9798295,0.9742264,0.9678158,0.9605125,0.9521917,0.9427042,0.9318954,0.919578,0.9055809,0.8897321,0.8718787,0.8518947,0.8296972,0.8052416,0.7785478,0.7496879,0.7187877,0.686035,0.6516718,0.6159775,0.579273,0.5419073,0.5042363,0.4666273,0.4294325,0.3929927,0.357618,0.3235841,0.2911261,0.2604374,0.2316646,0.2049083,0.1802276,0.1576381,0.1371207,0.1186236,0.1020683,0.08735581,0.07437088,0.0629878,0.05307395,0.044495,0.0371174,0.03081139,0.02545322,0.02092681,0.01712467,0.01394848,0.01130965,0.009128812,0.007335676,0.005868762,0.004674623,0.003707266,0.002927373,0.002301584,0.001801792,0.001404484,0.001090091,0.0008424484,0.0006482729,0.0004967132,0.0003789521,0.0002878666,0.0002177326,0.0001639744,0.0001229552,9.179717e-05,6.823715e-05,5.050288e-05,3.721443e-05,2.730249e-05,1.994277e-05,1.450294e-05,1.050052e-05,7.569149e-06,5.432013e-06,3.881051e-06,2.760638e-06,1.954965e-06,1.378268e-06,9.673688e-07,6.759468e-07,4.702077e-07,3.256299e-07,2.244972e-07,1.540811e-07,1.052779e-07,7.160947e-08,4.848948e-08,3.268623e-08,2.193412e-08,1.465249e-08
band_15_srf_lambda=762.3013,762.3547,762.4107,762.4696,762.5289,762.5814,762.6355,762.6939,762.7542,762.8087,762.8624,762.9193,762.9781,763.0366,763.0891,763.1439,763.2024,763.2628,763.3163,763.3702,763.4274,763.4867,763.5443,763.597,763.6523,763.7109,763.7717,763.8242,763.878,763.9356,763.9952,764.0519,764.1049,764.1609,764.2195,764.2795,764.3316,764.3856,764.4442,764.5039,764.5593,764.6129,764.6694,764.728,764.7871,764.8395,764.894,764.9526,765.0128,765.067,765.1207,765.1776,765.2367,765.2948,765.3474,765.4025,765.4608,765.5217,765.5746,765.6284,765.6858,765.7453,765.8024,765.8553,765.9111,765.9694,766.0299,766.0822,766.1361,766.1943,766.2539,766.3099,766.3632,766.4194,766.4781,766.5377,766.5898,766.6441,766.7028,766.7628,766.8176,766.871,766.9278,766.9867,767.0453,767.0977,767.1525,767.2111,767.2716,767.3252,767.3788,767.4361,767.4951,767.553,767.6056,767.6611,767.7195,767.7797,767.8329,767.8865,767.9446,768.0037,768.0605,768.1135,768.1697,768.2281,768.2881,768.3405,768.3943,768.4531,768.5127,768.5682,768.6213,768.6779,768.7366,768.7959,768.848,768.9027,768.9613,769.0216,769.0759,769.1292,769.1864,769.2451,769.3035,769.356,769.4111,769.4697,769.5297,769.5834,769.6368,769.6949,769.7536,769.8111,769.8638,769.9198,769.978,770.0381,770.0911,770.1444,770.2032,770.2626,770.3188,770.3718,770.4281,770.4866,770.5465,770.5987,770.6528,770.7115,770.7715,770.8265,770.8796,770.9364,770.995,771.0541,771.1063,771.1612,771.2198,771.2797,771.3341,771.3871,771.445,771.5037,771.5617,771.6142,771.6699,771.7281,771.788,771.8417,771.8947,771.9536,772.0127,772.0695,772.1221,772.1782,772.2367,772.2963,772.3494,772.403,772.4617,772.5214,772.5771,772.6299,772.6869,772.7451,772.8046,772.8571,772.9115,772.9701,773.0297,773.0847,773.1377,773.1954,773.2536,773.3121,773.3644,773.42,773.4785,773.5379
band_15_srf=1.638317e-08,2.358069e-08,3.381493e-08,4.831235e-08,6.877111e-08,9.753333e-08,1.378172e-07,1.940239e-07,2.721526e-07,3.803451e-07,5.296046e-07,7.347438e-07,1.015626e-06,1.398766e-06,1.919432e-06,2.624331e-06,3.575059e-06,4.852552e-06,6.562644e-06,8.843263e-06,1.187336e-05,1.588415e-05,2.117317e-05,2.812178e-05,3.721658e-05,4.907637e-05,6.448372e-05,8.442579e-05,0.0001101413,0.0001431802,0.0001854714,0.0002394046,0.0003079312,0.0003946778,0.0005040854,0.0006415604,0.000813655,0.001028287,0.001294968,0.001625085,0.002032198,0.002532377,0.003144553,0.003890934,0.00479742,0.005894057,0.007215457,0.008801331,0.01069684,0.01295303,0.01562728,0.01878341,0.02249202,0.02683035,0.03188228,0.03773777,0.04449229,0.05224626,0.06110305,0.0711681,0.08254668,0.0953416,0.1096509,0.1255645,0.1431612,0.1625056,0.1836438,0.2066016,0.2313804,0.2579527,0.2862641,0.3162253,0.3477187,0.3805904,0.4146584,0.4497099,0.485506,0.5217824,0.5582643,0.5946617,0.6306797,0.6660284,0.7004297,0.7336119,0.7653443,0.7954009,0.8236187,0.8498411,0.8739591,0.8959147,0.9156705,0.933216,0.9485764,0.9618313,0.9729853,0.9821407,0.9893613,0.994696,0.9982152,0.9999669,0.9999428,0.9981386,0.9945772,0.9891913,0.9819304,0.9727247,0.9615234,0.9482562,0.9328589,0.9152895,0.8955268,0.8735642,0.8494489,0.8232435,0.7950509,0.7650261,0.7333329,0.7001859,0.6658275,0.6305171,0.5945373,0.5581807,0.5217337,0.4854882,0.4497223,0.4146951,0.3806474,0.3477915,0.3163117,0.2863597,0.2580563,0.2314891,0.2067128,0.1837551,0.1626158,0.1432689,0.1256682,0.1097496,0.09543468,0.08263361,0.07124846,0.06117683,0.05231333,0.04455278,0.03779178,0.03193031,0.02687269,0.02252901,0.01881552,0.01565497,0.01297675,0.01071702,0.008818385,0.007229775,0.005906,0.004807315,0.003899084,0.003151213,0.002537798,0.002036576,0.001628604,0.001297784,0.00103053,0.0008154386,0.0006429757,0.000505206,0.0003955594,0.0003086182,0.0002399364,0.0001858798,0.0001434918,0.0001103767,8.460216e-05,6.461506e-05,4.917372e-05,3.728857e-05,2.817464e-05,2.12119e-05,1.59124e-05,1.18939e-05,8.858131e-06,6.573381e-06,4.860266e-06,3.580593e-06,2.628281e-06,1.922236e-06,1.400749e-06,1.01702e-06,7.357214e-07,5.302842e-07,3.808152e-07,2.724765e-07,1.942452e-07,1.379678e-07,9.763532e-08,6.883952e-08,4.835804e-08,3.38452e-08,2.360046e-08,1.6396e-08
band_16_srf_lambda=767.3172,767.4332,767.5573,767.6722,767.7975,767.9108,768.0367,768.1497,768.2757,768.3896,768.5143,768.6293,768.7526,768.8692,768.991,769.109,769.2293,769.3486,769.4683,769.5889,769.7072,769.8289,769.9459,770.0687,770.1846,770.3086,770.4235,770.5489,770.6622,770.7877,770.9008,771.0265,771.1407,771.2651,771.3807,771.5036,771.6204,771.7419,771.8603,771.9806,772.1002,772.2195,772.3403,772.4585,772.5804,772.6972,772.8202,772.936,773.0601,773.1746,773.2997,773.4133,773.5384,773.652,773.7773,773.8919,774.016,774.1317,774.2545,774.3715,774.4928,774.6116,774.7319,774.8517,774.9709,775.0918,775.2097,775.3318,775.4484,775.5718,775.6871,775.8115,775.9257,776.0504,776.1646,776.2893,776.4032,776.528,776.6429,776.7668,776.8828,777.0053,777.1227,777.244,777.3629,777.4832,777.6033,777.7223,777.8433,777.9612,778.0834,778.2001,778.3234,778.4385,778.5624,778.6768,778.8013,778.9158,779.04,779.1543,779.2789,779.3941,779.5176,779.6339,779.7563,779.8742,779.9953,780.1144,780.2344,780.3547,780.4736,780.595,780.7126,780.8348,780.9513,781.0747,781.1898,781.3133,781.4281,781.552,781.6671,781.7911,781.9057,782.0298,782.1452,782.2685,782.3852,782.5074,782.6255,782.7463,782.8657,782.9856,783.106,783.2249,783.3465,783.4639,783.5865,783.7026,783.8256,783.9409,784.064,784.1793,784.3029,784.4182,784.5419,784.6568,784.7808,784.8965,785.0195,785.1366,785.2585,785.377,785.4975,785.6172,785.7368,785.8575,785.9762,786.0979,786.2153,786.338,786.454,786.5764,786.6921,786.8149,786.9306,787.0536,787.1694,787.2929,787.4082,787.5316,787.6478,787.7707,787.8881,788.0097,788.1283,788.2487,788.3686,788.4882,788.609,788.7274,788.8495,788.9666,789.089,789.2052,789.3274,789.4434,789.5657,789.6819,789.8045,789.9207,790.0437,790.1594,790.2826,790.3992,790.5219,790.6395,790.7608,790.8798,790.9999,791.1201
band_16_srf=1.309101e-08,2.83041e-08,6.01928e-08,1.259098e-07,2.590588e-07,5.242923e-07,1.043745e-06,2.043987e-06,3.937709e-06,7.463837e-06,1.392076e-05,2.554746e-05,4.613441e-05,8.198023e-05,0.0001433573,0.0002467059,0.0004178447,0.0006965445,0.001142868,0.00184568,0.002933678,0.00458908,0.007063626,0.01069611,0.01592924,0.02332268,0.03355806,0.04742941,0.06581401,0.08961638,0.1196847,0.1567012,0.2010542,0.2527106,0.311112,0.3751168,0.4430196,0.5126513,0.5815855,0.6473767,0.7078516,0.7613708,0.8070008,0.8445646,0.8745852,0.8980939,0.916364,0.9306506,0.9419835,0.9510467,0.9581957,0.9635622,0.9671972,0.9692413,0.9699974,0.9699439,0.969647,0.9696153,0.9701921,0.9714385,0.9731468,0.9749212,0.976337,0.9770669,0.9770284,0.9763985,0.9755532,0.974939,0.9749313,0.9756891,0.977118,0.978864,0.9804921,0.9815931,0.9819356,0.9815585,0.980747,0.9799363,0.9795672,0.9799126,0.9810212,0.982654,0.9844085,0.9858299,0.9865734,0.9865382,0.9859011,0.9850178,0.9843528,0.984296,0.9850228,0.98643,0.9881855,0.9898219,0.9909334,0.9912916,0.990925,0.9901263,0.9893535,0.9890574,0.9895302,0.9907878,0.9926158,0.9945991,0.9962723,0.9972742,0.9974831,0.9970335,0.9962547,0.9955941,0.9954223,0.9958876,0.9969345,0.998233,0.9993767,0.9999858,0.9998193,0.9989268,0.9976169,0.9963037,0.9953954,0.9951751,0.9956728,0.9966621,0.9977432,0.9984869,0.99858,0.9979285,0.9967151,0.9953033,0.9941396,0.9935721,0.9937471,0.9945499,0.9956397,0.9965798,0.9969827,0.996646,0.9956209,0.994203,0.9928032,0.9918188,0.9914714,0.9917218,0.9922527,0.9925643,0.9920862,0.9903183,0.9869415,0.9817852,0.9747673,0.9657325,0.9543034,0.9397714,0.9210765,0.8969333,0.8660427,0.8273618,0.7803661,0.7252458,0.66298,0.5952746,0.5243738,0.4528033,0.3830709,0.3174016,0.2575437,0.2046587,0.159308,0.12151,0.09085102,0.06661835,0.0479316,0.03385587,0.02348802,0.01601247,0.0107313,0.007072564,0.00458519,0.002924724,0.001835783,0.001133976,0.0006893556,0.000412418,0.0002428097,0.0001406703,8.018925e-05,4.497516e-05,2.481646e-05,1.347054e-05,7.192498e-06,3.777445e-06,1.951265e-06,9.913424e-07,4.953371e-07,2.434001e-07,1.176138e-07,5.588528e-08,2.611089e-08,1.199543e-08
band_17_srf_lambda=851.1999,851.3448,851.4917,851.6328,851.7814,851.9206,852.0687,852.2132,852.3566,852.5043,852.6445,852.793,852.9338,853.0806,853.2256,853.3683,853.5166,853.656,853.8047,853.9467,854.0926,854.2384,854.3801,854.529,854.6678,854.8163,854.96,855.1039,855.2512,855.3918,855.5406,855.6808,855.8278,855.9727,856.1156,856.2636,856.4033,856.5523,856.6937,856.8399,856.9852,857.1273,857.2764,857.4149,857.5638,857.7067,857.8514,857.998,858.139,858.2883,858.428,858.5753,858.7197,858.863,859.0102,859.1507,859.2999,859.4408,859.5874,859.7321,859.8746,860.0232,860.1622,860.3116,860.4537,860.5989,860.7448,860.8863,861.0359,861.1751,861.3231,861.4668,861.6101,861.7571,861.8978,862.0475,862.1879,862.3348,862.479,862.6219,862.77,862.9092,863.0593,863.2007,863.3466,863.4917,863.6336,863.7826,863.9223,864.0707,864.2137,864.3575,864.504,864.6452,864.7948,864.9352,865.0823,865.2263,865.3694,865.5168,865.6566,865.8069,865.9477,866.0942,866.2386,866.3809,866.5294,866.6694,866.8184,866.9608,867.1055,867.2509,867.3925,867.5418,867.6824,867.8299,867.9734,868.1169,868.2635,868.4039,868.554,868.6949,868.8418,868.9858,869.1284,869.2762,869.4166,869.566,869.7079,869.853,869.9982,870.1398,870.2886,870.4296,870.5775,870.7206,870.8645,871.0103,871.1514,871.3009,871.442,871.5892,871.7329,871.8759,872.023,872.1637,872.3129,872.4549,872.6008,872.7452,872.8871,873.0355,873.1766,873.3251,873.4677,873.6122,873.7576,873.8986,874.0477,874.1893,874.3369,874.48,874.6235,874.77,874.9109,875.0599,875.202,875.3484,875.4924,875.6349,875.7823,875.9238,876.072,876.2148,876.3597,876.5047,876.6459,876.7947,876.9365,877.0841,877.2272,877.3712,877.5172,877.6581,877.8068,877.9492,878.0961,878.2395,878.3826,878.5294,878.6708,878.8188,878.9619,879.1074,879.2518,879.3937,879.5415,879.6837,879.8311,879.9743
band_17_srf=9.185512e-09,2.395414e-08,6.085175e-08,1.50602e-07,3.6317e-07,8.534385e-07,1.954725e-06,4.364457e-06,9.501425e-06,2.017261e-05,4.177877e-05,8.442823e-05,0.0001665253,0.0003206705,0.0006030353,0.001107721,0.00198786,0.003485171,0.005968916,0.009983304,0.01629848,0.02595489,0.04028317,0.06087458,0.08947545,0.1277826,0.1771382,0.2381583,0.3103596,0.3919037,0.4795638,0.5689991,0.6553552,0.7340549,0.80164,0.8563257,0.8982106,0.9289497,0.9510632,0.9671269,0.9791137,0.9880765,0.994333,0.9978658,0.9988403,0.9978979,0.9961035,0.9946032,0.9941654,0.9949036,0.9962695,0.9973418,0.9973083,0.9959258,0.9936171,0.9912539,0.9897562,0.9895853,0.990544,0.9918673,0.9925917,0.9920831,0.9902959,0.9878641,0.9857108,0.984648,0.984919,0.986104,0.9873231,0.9876676,0.9866838,0.9845877,0.9821364,0.9802979,0.9796995,0.9803607,0.9816641,0.9826673,0.9825779,0.9811504,0.9788367,0.9764972,0.9750394,0.9749057,0.97588,0.9771856,0.9778814,0.9773249,0.9755136,0.9730738,0.9709413,0.9698906,0.970141,0.9712651,0.9723737,0.9725716,0.9714282,0.9691741,0.9666051,0.9646569,0.9639559,0.9644959,0.9656355,0.9664416,0.9661469,0.9645359,0.9620615,0.9596016,0.9580432,0.9578052,0.9586518,0.9597976,0.9603051,0.9595689,0.9575954,0.9550266,0.9528042,0.9516884,0.9518808,0.9529327,0.9539517,0.954069,0.9528694,0.9506012,0.9480488,0.9461433,0.9454865,0.946051,0.9471936,0.9479822,0.9476568,0.9460309,0.9435598,0.9411378,0.9396253,0.939423,0.9402764,0.9413964,0.9418594,0.9410744,0.9390766,0.9365207,0.9343284,0.9332537,0.9334699,0.9345143,0.9354949,0.9355572,0.9343013,0.9319898,0.9294018,0.9274318,0.9266191,0.9268523,0.9273665,0.9270587,0.9249274,0.920393,0.9133438,0.9038506,0.8916835,0.8758842,0.8546296,0.8255139,0.7861758,0.7350794,0.6721603,0.5991055,0.519175,0.4366358,0.3559863,0.2812087,0.2152273,0.1596632,0.1148828,0.08025163,0.05448422,0.03599193,0.02316063,0.01453325,0.008900836,0.005324259,0.003112104,0.001777993,0.0009929062,0.0005419292,0.0002890208,0.0001505689,7.659553e-05,3.803461e-05,1.842937e-05,8.710788e-06,4.015081e-06,1.804316e-06,7.903378e-07,3.373768e-07,1.40329e-07,5.686533e-08,2.244714e-08,8.630633e-09
band_18_srf_lambda=874.9807,875.0765,875.1669,875.2641,875.358,875.4513,875.5474,875.6382,875.735,875.8306,875.9213,876.0184,876.112,876.2057,876.3017,876.392,876.4891,876.5848,876.676,876.7726,876.8658,876.96,877.0558,877.1459,877.2436,877.3391,877.4303,877.5268,877.6198,877.7145,877.8099,877.9002,877.9977,878.093,878.1845,878.2809,878.3737,878.4687,878.564,878.6547,878.752,878.8472,878.9387,879.0352,879.1276,879.223,879.3181,879.4092,879.5063,879.6013,879.6932,879.7894,879.8814,879.9774,880.0724,880.1634,880.2607,880.3552,880.4476,880.5435,880.6354,880.7315,880.8265,880.9179,881.015,881.1091,881.202,881.2975,881.3893,881.4857,881.5809,881.6724,881.7693,881.8631,881.9565,882.0518,882.1433,882.2399,882.3351,882.4266,882.5235,882.617,882.7109,882.8058,882.8976,882.9944,883.0893,883.181,883.2777,883.371,883.4653,883.5601,883.6519,883.7487,883.8434,883.9354,884.0319,884.1248,884.2195,884.3141,884.4064,884.5027,884.5975,884.6896,884.786,884.8785,884.9737,885.0682,885.1608,885.257,885.3516,885.4441,885.5402,885.6324,885.728,885.8224,885.915,886.0112,886.1056,886.1985,886.2942,886.3862,886.4823,886.5768,886.6694,886.7654,886.8596,886.9529,887.0482,887.1403,887.2363,887.331,887.4236,887.5198,887.6136,887.7073,887.8023,887.8945,887.9907,888.0852,888.1779,888.274,888.3676,888.4616,888.5563,888.649,888.7449,888.8394,888.932,889.0284,889.1216,889.216,889.3104,889.4036,889.4992,889.5935,889.6862,889.7828,889.8756,889.9703,890.0644,890.158,890.2535,890.3476,890.4406,890.5369,890.6295,890.7247,890.8185,890.9123,891.0077,891.1018,891.1949,891.291,891.3835,891.4789,891.5726,891.6666,891.7619,891.856,891.9492,892.045,892.1375,892.2331,892.327,892.4209,892.5161,892.61,892.7037,892.7992,892.8912,892.9873,893.0811,893.175,893.2704,893.3638,893.4581,893.5531,893.6458,893.7417
band_18_srf=1.021758e-08,1.907163e-08,3.520176e-08,6.425296e-08,1.159799e-07,2.07037e-07,3.655153e-07,6.382201e-07,1.10221e-06,1.882805e-06,3.18139e-06,5.317741e-06,8.79348e-06,1.438632e-05,2.328787e-05,3.730244e-05,5.913034e-05,9.276728e-05,0.0001440563,0.0002214462,0.000337016,0.000507835,0.0007577488,0.001119685,0.001638563,0.002374905,0.003409195,0.004847,0.006824748,0.009515908,0.01313723,0.01795441,0.02428598,0.03250473,0.04303483,0.05634312,0.07292402,0.09327498,0.1178639,0.1470915,0.1812416,0.2204352,0.2645863,0.3133639,0.3661717,0.4221509,0.4802068,0.5390555,0.5973216,0.6536151,0.7066439,0.7553236,0.7988613,0.8367867,0.8690082,0.8957751,0.9175858,0.9351457,0.9492344,0.9606108,0.969911,0.9776275,0.9840494,0.989323,0.9934593,0.9964305,0.9982248,0.9988868,0.9985875,0.9975693,0.9961749,0.9947502,0.9936023,0.9929529,0.992875,0.9933189,0.9940837,0.9949139,0.9955159,0.9956449,0.9951641,0.9940735,0.9924867,0.990644,0.9888367,0.9873375,0.9863663,0.9860212,0.9862528,0.986899,0.9877023,0.9883629,0.9886264,0.9883144,0.9873766,0.9859069,0.9841072,0.9822604,0.9806489,0.9795127,0.9789798,0.9790502,0.9795897,0.980359,0.9810666,0.9814442,0.981291,0.9805317,0.9792078,0.9774898,0.9756292,0.9739135,0.9726046,0.971874,0.9717514,0.9721426,0.9728338,0.9735463,0.9740014,0.9739628,0.9733103,0.9720562,0.9703466,0.9684127,0.966547,0.9650139,0.9639861,0.9635298,0.9635601,0.9638659,0.9641256,0.9640191,0.9632049,0.9614487,0.9586076,0.9546322,0.9495441,0.943397,0.9361773,0.9277626,0.9178745,0.9060539,0.891683,0.8740401,0.8523852,0.826056,0.794568,0.7577122,0.7155924,0.6686617,0.6177016,0.5637589,0.5080695,0.4519579,0.3967376,0.3436135,0.2936115,0.2475283,0.2059079,0.1690399,0.1369853,0.1096084,0.08662257,0.06763639,0.05219629,0.03982551,0.03005327,0.02243742,0.01657806,0.01212521,0.008780867,0.006297334,0.00447309,0.003147229,0.002193511,0.001514415,0.001035691,0.0007015702,0.0004706875,0.0003127315,0.000205751,0.000134027,8.643136e-05,5.517334e-05,3.485932e-05,2.179678e-05,1.348682e-05,8.257112e-06,5.001675e-06,2.997349e-06,1.776917e-06,1.042021e-06,6.04427e-07,3.467766e-07,1.967768e-07,1.104336e-07,6.129403e-08,3.364431e-08,1.826286e-08,9.803523e-09
band_19_srf_lambda=889.9995,890.093,890.1863,890.2822,890.3751,890.4702,890.564,890.658,890.7535,890.8471,890.9407,891.0363,891.129,891.2243,891.3182,891.4123,891.5074,891.6013,891.6946,891.7905,891.8829,891.9785,892.0721,892.1665,892.2616,892.3553,892.449,892.5444,892.6369,892.7326,892.8262,892.9207,893.0156,893.1093,893.2033,893.2985,893.3912,893.4871,893.5803,893.6748,893.7698,893.8631,893.9575,894.0524,894.1453,894.2412,894.3345,894.4288,894.5239,894.6169,894.7116,894.8062,894.8996,894.9954,895.0886,895.1829,895.2779,895.3708,895.4658,895.5602,895.6539,895.7493,895.8427,895.9369,896.0318,896.1248,896.2202,896.3142,896.4081,896.5034,896.5968,896.6912,896.786,896.8787,896.9743,897.0682,897.1626,897.2574,897.3508,897.4453,897.5403,897.6324,897.7285,897.8222,897.9167,898.0114,898.1047,898.1994,898.2944,898.3864,898.4825,898.5763,898.671,898.7656,898.8588,898.9537,899.0484,899.1404,899.2369,899.3303,899.4251,899.5195,899.6127,899.7078,899.8025,899.8947,899.9911,900.0844,900.1793,900.2735,900.3666,900.462,900.5564,900.6491,900.7451,900.8384,900.9335,901.0276,901.1205,901.2162,901.3104,901.4035,901.4992,901.5924,901.6874,901.7817,901.8743,901.9703,902.0642,902.1578,902.2532,902.3464,902.4417,902.5358,902.6282,902.7246,902.8183,902.9124,903.0072,903.1005,903.1959,903.2898,903.3821,903.4786,903.5723,903.6667,903.7614,903.8544,903.95,904.0441,904.1359,904.2326,904.3264,904.4211,904.5153,904.6083,904.7041,904.7982,904.8899,904.9867,905.0803,905.1754,905.2695,905.3622,905.4584,905.5522,905.6443,905.7409,905.8345,905.9297,906.0236,906.1161,906.2126,906.3062,906.3986,906.4951,906.5884,906.6838,906.7775,906.8699,906.9667,907.0604,907.1529,907.2491,907.3424,907.4379,907.5316,907.6238,907.7209,907.8145,907.9073,908.0031,908.0965,908.1921,908.2855,908.3778,908.475,908.5684,908.6616,908.7571
band_19_srf=1.210224e-08,2.244505e-08,4.116687e-08,7.467181e-08,1.339534e-07,2.376584e-07,4.170287e-07,7.237821e-07,1.24249e-06,2.109807e-06,3.543864e-06,5.888739e-06,9.680605e-06,1.574542e-05,2.534023e-05,4.035638e-05,6.360649e-05,9.922627e-05,0.0001532281,0.0002342566,0.0003546004,0.0005315436,0.0007891167,0.001160374,0.001690248,0.002439105,0.00348706,0.004939023,0.006930432,0.00963349,0.01326346,0.0180844,0.02441331,0.03262198,0.04313415,0.05641798,0.07296989,0.09329203,0.1178589,0.147078,0.1812425,0.2204827,0.2647189,0.3136258,0.3666082,0.422802,0.4811022,0.5402144,0.5987388,0.6552654,0.7084854,0.7572964,0.8008862,0.8387953,0.8709314,0.8975443,0.9191717,0.9365281,0.950419,0.9616108,0.9707636,0.978366,0.9847078,0.9899201,0.9939916,0.9968883,0.9985876,0.9991274,0.9986683,0.9974819,0.9958997,0.9943007,0.9929811,0.9921886,0.9920075,0.992363,0.9930621,0.9938192,0.9943417,0.9943803,0.9937696,0.9925265,0.9907634,0.98873,0.98673,0.9850561,0.9839338,0.9834595,0.9835966,0.9841644,0.984898,0.9854838,0.9856575,0.9852262,0.9841374,0.9824958,0.9805152,0.9784755,0.9766847,0.975391,0.9747313,0.9747008,0.9751621,0.97587,0.976512,0.9768031,0.9765248,0.9755753,0.9740156,0.9720515,0.9699547,0.9680291,0.9665334,0.965642,0.9653937,0.965688,0.9663031,0.9669425,0.9673001,0.9671489,0.9663526,0.9649423,0.9630471,0.9609205,0.9588585,0.9571303,0.9559293,0.9553137,0.9551966,0.9553592,0.9554842,0.95522,0.9542388,0.9522932,0.9492421,0.9450443,0.9397404,0.9333849,0.9259926,0.9174484,0.9074822,0.8956416,0.8813127,0.8637599,0.8422481,0.8161052,0.784846,0.7482513,0.7064325,0.6598428,0.6092685,0.55576,0.5005552,0.4449773,0.3903347,0.3378234,0.2884568,0.2430154,0.202027,0.1657665,0.1342793,0.1074191,0.0848913,0.06630029,0.05119219,0.03909268,0.02953594,0.02208635,0.0163512,0.0119881,0.008706127,0.006263955,0.004465551,0.003154527,0.002208181,0.001531674,0.001052692,0.0007168019,0.000483518,0.0003230595,0.0002137709,0.0001400722,9.087214e-05,5.836149e-05,3.710103e-05,2.334307e-05,1.453442e-05,8.954959e-06,5.459093e-06,3.292573e-06,1.964635e-06,1.159672e-06,6.771354e-07,3.910974e-07,2.234332e-07,1.262559e-07,7.056457e-08,3.900701e-08,2.132613e-08,1.153157e-08
band_20_srf_lambda=925.0225,925.169,925.3127,925.4553,925.6028,925.7455,925.8925,926.035,926.1814,926.3262,926.4681,926.6154,926.7589,926.9055,927.0485,927.1931,927.3392,927.4818,927.6287,927.7719,927.9181,928.062,928.2047,928.3522,928.4954,928.6418,928.7846,928.9305,929.0755,929.2178,929.365,929.5085,929.6548,929.7981,929.9426,930.0886,930.2315,930.378,930.5214,930.6672,930.8115,930.9543,931.1016,931.2451,931.391,931.5343,931.6794,931.8248,931.9675,932.1145,932.2581,932.4039,932.5474,932.692,932.838,932.9813,933.1273,933.2709,933.4165,933.561,933.7035,933.8509,933.995,934.1402,934.2839,934.4286,934.5742,934.7172,934.8639,935.0078,935.153,935.297,935.441,935.5873,935.731,935.8768,936.0204,936.1655,936.3104,936.453,936.6003,936.7448,936.8896,937.0335,937.1777,937.3238,937.4669,937.6132,937.7576,937.9023,938.0467,938.1901,938.3365,938.4807,938.6262,938.7698,938.9147,939.0598,939.2026,939.3496,939.4943,939.639,939.7832,939.9266,940.0731,940.2166,940.3625,940.5074,940.6516,940.7961,940.9391,941.0861,941.2302,941.3756,941.5197,941.6639,941.8093,941.952,942.0989,942.2438,942.3885,942.5328,942.6758,942.8226,942.9662,943.1118,943.257,943.4009,943.5458,943.6881,943.8355,943.9798,944.1251,944.2695,944.4131,944.5587,944.7013,944.8483,944.9935,945.138,945.2823,945.4251,945.5721,945.7158,945.8611,946.0065,946.1503,946.2952,946.4373,946.585,946.7292,946.8741,947.019,947.1626,947.3083,947.4508,947.598,947.7426,947.8872,948.0318,948.1745,948.3216,948.4653,948.6106,948.7556,948.8998,949.0446,949.1867,949.3347,949.4786,949.6235,949.7683,949.912,950.058,950.2006,950.3476,950.4917,950.6365,950.7813,950.9239,951.0713,951.2148,951.3602,951.5048,951.6494,951.7941,951.9359,952.0845,952.2281,952.3727,952.5175,952.6616,952.8076,952.9501,953.0972,953.2411,953.3859,953.5307,953.6733,953.820
band_20_srf=2.287489e-08,5.665411e-08,1.368302e-07,3.222664e-07,7.40175e-07,1.657907e-06,3.621768e-06,7.717162e-06,1.604128e-05,3.253528e-05,6.440699e-05,0.0001244903,0.0002350529,0.0004337745,0.0007828975,0.001382888,0.002392219,0.004055094,0.006738572,0.01097891,0.01753441,0.02743494,0.04201214,0.06288294,0.09185589,0.1307303,0.1809776,0.2433345,0.3173802,0.4012229,0.4914302,0.5833168,0.6716061,0.7513306,0.8187881,0.8722156,0.9119787,0.9401725,0.9597994,0.9737729,0.9841662,0.9918917,0.9969962,0.9991671,0.998447,0.995522,0.9916797,0.9883115,0.9863631,0.9859135,0.9862207,0.9861135,0.9845995,0.9813871,0.9770384,0.9726737,0.9694222,0.9678462,0.9676672,0.9678986,0.9673548,0.9652399,0.9615626,0.9571124,0.9530681,0.950408,0.9493957,0.9494836,0.9495602,0.9485253,0.9458518,0.9418294,0.9374372,0.9338318,0.9317751,0.9312431,0.9314491,0.9312366,0.9296636,0.9264805,0.9222488,0.9180562,0.9149701,0.9134983,0.9133343,0.9135145,0.9129065,0.9107808,0.9071729,0.9028698,0.8990026,0.8964864,0.8955472,0.8956225,0.8956383,0.8945546,0.8918943,0.8879787,0.8837667,0.8803698,0.878491,0.8780763,0.8783365,0.8781618,0.8767111,0.873798,0.8700068,0.8664022,0.8639731,0.8631332,0.8635237,0.8641911,0.8640675,0.8624694,0.8594835,0.8558991,0.8528282,0.8511401,0.8510239,0.8519032,0.852711,0.852425,0.8505852,0.8475212,0.8441776,0.8416452,0.8406042,0.8409891,0.8420159,0.8425833,0.8418202,0.8395258,0.8362704,0.8331041,0.8310313,0.8305096,0.8312107,0.8321958,0.8323833,0.8310958,0.8283931,0.825054,0.8221679,0.8205999,0.820547,0.8214493,0.8222603,0.8219854,0.820164,0.8171104,0.8137442,0.8111086,0.8098408,0.8098192,0.8101806,0.8096985,0.8072938,0.8024367,0.795211,0.7859939,0.7748929,0.7612398,0.7433921,0.718996,0.6856351,0.6416513,0.586818,0.5226387,0.4521529,0.3793581,0.3084288,0.2429921,0.1856191,0.1376379,0.09922244,0.06966764,0.04773628,0.03198125,0.02098557,0.01350572,0.00853258,0.005294079,0.003225698,0.001929277,0.001131884,0.0006508559,0.0003665016,0.0002019404,0.0001087993,5.728393e-05,2.946108e-05,1.479537e-05,7.253748e-06,3.471282e-06,1.621303e-06,7.390386e-07,3.287668e-07,1.427362e-07,6.04797e-08,2.50108e-08
band_21_srf_lambda=995.0701,995.3151,995.5605,995.8057,996.0511,996.2963,996.5411,996.7861,997.0308,997.2757,997.5204,997.7649,998.0096,998.254,998.4984,998.7428,998.9873,999.2313,999.4753,999.7195,999.963,1000.205,1000.449,1000.695,1000.94,1001.186,1001.431,1001.676,1001.922,1002.167,1002.412,1002.658,1002.903,1003.147,1003.392,1003.636,1003.881,1004.125,1004.369,1004.614,1004.858,1005.102,1005.347,1005.591,1005.836,1006.081,1006.326,1006.571,1006.816,1007.062,1007.307,1007.552,1007.797,1008.042,1008.287,1008.532,1008.777,1009.021,1009.266,1009.51,1009.755,1009.999,1010.243,1010.487,1010.73,1010.974,1011.213,1011.459,1011.705,1011.951,1012.196,1012.442,1012.687,1012.932,1013.177,1013.423,1013.668,1013.913,1014.158,1014.402,1014.647,1014.891,1015.135,1015.38,1015.624,1015.868,1016.112,1016.357,1016.602,1016.847,1017.092,1017.337,1017.582,1017.827,1018.073,1018.318,1018.563,1018.808,1019.053,1019.298,1019.543,1019.788,1020.033,1020.277,1020.522,1020.766,1021.011,1021.255,1021.499,1021.743,1021.985,1022.223,1022.469,1022.715,1022.96,1023.206,1023.452,1023.697,1023.943,1024.188,1024.433,1024.677,1024.922,1025.167,1025.412,1025.656,1025.901,1026.145,1026.389,1026.634,1026.879,1027.124,1027.369,1027.613,1027.858,1028.103,1028.348,1028.593,1028.838,1029.083,1029.329,1029.574,1029.819,1030.064,1030.309,1030.554,1030.799,1031.044,1031.289,1031.534,1031.778,1032.023,1032.267,1032.511,1032.755,1032.997,1033.236,1033.479,1033.724,1033.97,1034.215,1034.461,1034.707,1034.952,1035.198,1035.442,1035.687,1035.932,1036.176,1036.421,1036.665,1036.91,1037.155,1037.4,1037.645,1037.89,1038.135,1038.38,1038.625,1038.87,1039.115,1039.359,1039.604,1039.848,1040.094,1040.339,1040.584,1040.83,1041.075,1041.32,1041.565,1041.81,1042.055,1042.3,1042.544,1042.789,1043.034,1043.279,1043.523,1043.767
band_21_srf=2.166094e-07,7.982098e-07,2.764767e-06,8.998499e-06,2.751332e-05,7.901544e-05,0.0002131729,0.0005406037,0.001290753,0.002910478,0.006229165,0.01274022,0.02507294,0.04766546,0.08732416,0.1527042,0.2513352,0.3839006,0.5386692,0.6918222,0.8172056,0.9005847,0.9466499,0.9715772,0.9880208,0.9976058,0.9971061,0.9886463,0.9804749,0.9780261,0.9778769,0.9729774,0.9623867,0.9526086,0.9489853,0.948617,0.9443043,0.9341547,0.9240636,0.919799,0.9193435,0.9156482,0.9060336,0.8957187,0.8908129,0.8901911,0.8870551,0.878016,0.8675647,0.8620347,0.8611718,0.8585299,0.8500937,0.8395916,0.8334656,0.8322951,0.8300732,0.8222596,0.8117911,0.80511,0.8035699,0.8016902,0.7945078,0.7841564,0.7769644,0.775005,0.7733907,0.7668347,0.7566748,0.7490238,0.7466072,0.7451798,0.7392362,0.7293345,0.7212874,0.7183899,0.7170676,0.7117087,0.7021269,0.6937532,0.6903546,0.6890617,0.6842501,0.6750441,0.6664107,0.6625072,0.6611684,0.6568654,0.6480773,0.6392574,0.6348505,0.6334004,0.6295542,0.6212171,0.6122811,0.6073897,0.6057668,0.6023206,0.5945064,0.5857918,0.5810195,0.5800292,0.57798,0.5719627,0.5648021,0.5612248,0.5615659,0.5612707,0.5568168,0.5502966,0.5465299,0.5466345,0.5465678,0.5425445,0.5360745,0.5319246,0.5317473,0.5319116,0.5283591,0.5220179,0.51752,0.5170265,0.517358,0.5142741,0.5081092,0.5033053,0.5024635,0.5029088,0.5002793,0.4943409,0.4892686,0.4880629,0.4885669,0.4863718,0.4807024,0.4754108,0.4738287,0.4743362,0.4725544,0.4671874,0.4617266,0.4597651,0.4602245,0.4588199,0.45379,0.4482119,0.4458741,0.4462342,0.4451738,0.440506,0.434862,0.4321558,0.4323719,0.4316176,0.4273291,0.4216675,0.4186105,0.4186448,0.4181508,0.4142511,0.4086255,0.4052407,0.4050559,0.4047768,0.4012702,0.3957269,0.3920357,0.3915873,0.39144,0.3882421,0.3826481,0.3783177,0.3768849,0.37555,0.3704408,0.3610901,0.3499069,0.3371264,0.3178773,0.285649,0.238933,0.1836627,0.1295736,0.08464168,0.05204419,0.03073326,0.01772293,0.01004555,0.005572863,0.00299615,0.001545774,0.0007598819,0.0003544565,0.0001565695,6.543467e-05,2.586745e-05,9.672932e-06,3.422093e-06,1.145571e-06,3.629382e-07